59
94
126
145
218
200
71
160
64
85
102
65
237
192
209
129
26
45
36
227
261
76
222
70
173
131
117
182
176
55
240
72
148
114
127
13
133
40
86
130
103
105
89
253
120
19
266
29
219
128
117
81
143
210
202
204
24
2
148
58
160
170
114
178
77
98
24
141
155
164
104
156
180
150
185
143
226
210
248
146
190
168
250
146
199
217
128
40
197
208
15
199
258
231
185
147
214
196
174
215
147
7
184
99
90
123
205
21
190
96
196
140
241
109
193
23
147
259
256
39
159
130
242
248
49
142
228
76
223
240
236
242
121
55
183
240
