136
011101010101011111110001001010101010011000110011000100001110001101111000100100001100010001000011100111010
1001010000010110100110100111100111010101110111100011101011110101010101000110000111011000100110010010111011110101001000110110110010111111100000001111000111110110001110
0011100011000101110010001100110100001010100000111111001001000110100100010010000111010101110000101000011101011101010100001010111001011000000011101100110001001100111101101011010111011001001111001001110010001010001101111001101
11001001010110110000011000110011111101010000000100100001011111000101110010011110101111001011101001010000000100001011011000110010000111010000011001101000011000110111010110110001010100101111111001101100000011000101000110101100111111110000111010110010011100011010110000
11101110000111000000100001111011100110111011000100100011010111100111011001111010000110101001011111100101101110100100110100101011001000101010101100111100010101110100011110001001010000101111000000100111111111101100101011011001111111110101010011101101100001110111111101011110110110010010010101001000110101111110100100011010001101111011011111000010001101110001000110010011111011100010010100011010010
010010001110110101010101011010101110011000011011010010000000000000100111101011011010110101010011101101011110101110110010000110010100001000000011010011001110110100011010000000111001110110011010110010010011011110000100011110101100000010110010111001010110011101001000001100101101010110010100111101011100010011011011101110000001000110000000010000001010011110111011001000001
1001011001110101101100111000100101101100011011011001111101111000110001001010110110011001111110110100100001110001000000110010010010111001
001100010011011011011011010011100111111011100000110100010000110001100010001001110101011001001001110110011010001111000111110100001111001001101010010111010101010111011011010101100110110100110110111000000101101010010110110000010111100111110111111010111110010010000011010011101111001111010010101
10101011000100001100110111001110111000110001100011110000011111001000110000110010111010111011001001001110000001000111001
001000110001111111011100010101111101000101001111000100100100001110001011100111101100001011001000000110111111011001000110111000101111001000100000000110001111100
11101011001101011000011100001010001100011101100000001111010010001111100100000111010100000101111000000100101111110000000010110011101001010111011010001000100100000110101010001001100101
01100000001110111101011000111101000011000101010110001100111111000101110001011011101000001101100100101011011000010001110010
011100001001000010010111110001000010010011101001011110000010011000010111100000011100011000010011100011110000110010101100110001010100000111111010000111010010101010110100001010010001001011101010001011000010110011110011000101011111100111100010100011000110011100110100010001101101001101001001111001010100101000001000010101111001111100001011000100000110110010011100100001000000110000110011100000100111101010010011011001010011101
000011001011110011000001101101100100101101000100000100000001111011101101100100100110011100000110000110000001011110110000110111101101101101100101100100000101000011000111101010001011110011110010101110110100110101100111000111101010000011000100011000101100111011101100100000101111111000011000101010001101111101101011011101010101000001000101111101111110100000
111010110001100100001011101000001000111110110111101000010100101100110001111101010001011001101100101100110110110000000101100001010100001010011001010101010100111111000100101011101000100101111110011001110000110000100010000001011110111100101100001100000001111011011111001010111111100110100011000111010111111011010111100111110101011001001000001101000100100010000000100110100011101010010001111110
010011000011111010111001001101100110111111010011100010111110010000101111001111111100110110010011010000011110010101100101010011001000101011110000011001101110111110110110010100101111100010100000000110000001111110001110101010110110101011
1110011111100100000011011101100110111101110
0101111000010000101101110110100010111100011101000001011010100000001111001101001
1010110000101111110011101100010110000000110000111111110101100
1111100100010010111100001010001011000101001011101101000110100110000001100110000000110110111111001101110010001001001010110110111011000000001001100111111111010100110001111111010110100011010100011010011100001100010000101101010010000111100011110011010000000100100011110110000110111110001000110111100100111001000000011110111001010011111010111000101100100001100011011110000110100100001000000000011001000101010000001000111101
1001110000011100010010110100110101111001001011001111110100011100110001000110001000101111011000110110111000011011111011001101110001101011110000110100011000001000010101110010000100000000100001110010110011000111010000101010001000001101000100110100001100100111000000111011101110110011111101110101010010110100110110111111101111000111101111011101100101110110111011100111111010001011111010001111111100111101000000111010100001100100101001111011111001011
100111110001101101011110010000111100001101101001001010100000000011000111111110001100100000110000001111001000100000011111010010010111
011001101010010110001100000010011000100001011100011011110100001010000111100011011110100000000101001001110010010100001001110111110010101100111101000111000000010011010010001110001111001000010100010100011110000010101000011010110001100011110011000100010010111110001011011101011111001001000010010011001010101111111001011101100011100100100001010001010000111001010011100001010110011010110100011001000110100011001
101000110011101101011101110011001100001001111111000110111101011110101101100000101111100011100101000110000010111000111100101010
010110011101001110111000001011111001010001110011110000101001010011000000100110001011111100100100110101001110001011101001111100110001110010101110001001100001110011111100000111001010010110101000001111110011110101011000001100111100101111110111000110111010000011010110011101111110100001111101110110010001101110001010111
1100001010010011011010001100001111100010011110000110111111101010110100010101101101101110001101001110010100111011011110110110110000100010001101001000010101100011101011110001101011101111000011110110011110010111100111010001111110101
10101100111100101111111111000001011111110000000111000001110110110010111101000110111111000110100001111111111010111001110011100001000100010100101101111101101100110100101110100010011111010011010000111111010010010
01111110111001111011011010010110000100010001000100101100011000100011111011011011001011111110101010101000011111111111111111110010110010100011010011101001111100101111101100110010100100111001111101110000000001100111101001100000110110010011111000011001101100000100101100110100100110101111010101010000000111111000000101011110010000100001000100111
0101011000000010011000001111110111111001111001011101101001000111000110010111011001111110100001111101000010101011110010011000101000110110111101011010101101011000001000001101010010011001010011110010100011011101110111011111100110000010001101101000011000110010111000100000100100000100000011001110110111011001101100001001111010001101101001
0000011011100001001000111001111001010100101001010011111000011011100010011000110000110111011011
100000000010110000110001000101001101111100011010110110100000101101111100001100101010010111011011000010000000101101000001110100110100011111111010111100000111010000000001110000111010100000000110100011001101000101100000100100000010100111010010111101010011001100010101000000001010110001010110001010110011010011011110111010001111010010000110000000110001000010011000111010011100111011011100000001111001101111010010100000111110001
100111001001110011100001010111101110101101000101011111011010011110000010000111000000111111110011111011001100010010111101110000010011
000100110110101101101100000110101010100110100100011110001000100100000000100101011011111100010100101101010100110010011100110001010011010010111111111001111100010110001100001000100011111110011100111100110110011111001010100001000000010100000011101111111101001011000000111010100001
001001111111001000100001111001101111001000011101111111110101011101111101000001000011010010110000011101011001111101101100001000100000000000100110101101101111111010100000011010110001110110001101100000001110100101101111100
01100111001010110110110101110010001100001001111111010000001101000011000110000000000101100111000001001001001111110110101110100111001101111110110010011000100101000011000011101101100110010000101011010101111101011100110001001001000100001
11101001110001101011110
1100001111100000111010101110100011001101000111001101000010110110111010010111010101011011111101000011000010111011110010101110001010110110001001111000011001001011100100111010110110010011001011111011000010011001000000001101000010110110110001001011111101100100100
1110010101100000101110101010010011000111011110111110101101101100010
0000010010111011010001110000111110100011001100011011101001100100001101111000101110100100111110011101010010000001110001100111100001110111101100000010100111110000100100
111100000100000110000010001110001010100111110011100100101111000000110011000100100110110001110011001101001110111011111101010011111011010101001000010011011111111011101100000111101111010111101100110110000000001000001110001111101100
1011011000001010000100110000011001001101100010110110010101111100011011111101110111001011110110110001001011010111000001011010010101111101000101000111100111011100010010111101110000
1111001100001001011000000000011111001010101100011111011100011001011101111101001100101100111100110011011110011000110001011111010011111010100000111100111101111101010000100100010001101
110000000110000111011001011011100110001011001101011110000001001100001000011100010110010000000001011111001111101111101101110100001100110011101000101
010111011001111011110101100100101000101100110101011111011000101010011001000011000101100001000100101000000001010101111001111101000100111101100000100010100111100100000000011010100110011001110011111100010110100000101111001001010001100101111101001000100011000001010010111101001000011100111100010100100100011111010010001111011101001110111100111000010000111000011001111000010010110010010111110101000110001001010101011100000000110001011100011111110111000001010010110100000110111011
11100011011100011000100011001001010101110001110000110110101111101000010000100110011111010101100001010010011011110010011110001001001110010011000100100100101111101000100000000110001110011011010000010111101111011111100
00110001101101001100111111010
1111110011000001000010000100010101000001100110001000110001101111100111011011001000010011110101101110000110101000000110001100000110111101010001100000011000100010010100111111100001000000110011000111001011010010101001111111110100110111110110111101011100001011010000100010000110000001100111101100000010101111110011011101101001101100000110110001010110111110110101101101111000011011100000100101000110011011011011110111001011011000111101010110001101011101001100010100101001000011111011100100
011001001000101000101100000110010100001100010
1101100010010011001101000101100100010100000110111100000100111011111110010001100101100111101001101000001001000000001000000100101111100101110110001001010010001011110101000010100100100111001111100110100100100011011100101110110111011100001010100001110001110001010011011100000011101100110011101100111101101101100000001010011100100110011000111001011010001010100000101101100011101010000000011000100110000110110
011100010111110101100110111010111001100100000010111100110101101100010100100110100100111111000100011001011001010110101111110011110010001110000001101011100100101011110011111010101111110110001001000100111100111111001001111100010111010100
0001111111001101101011100011101110100111011111100111011000000011101000011001110001100011110011111011000011101100010011110011110110111001110010011111100010110101101100110100101101110110011010100010000000101001
000011000011111000110000010000000101001111101100110100111110011111110011101110100010101100111001100110010110011011101110001100011
001110000010101111111001101011110111100111111100110010110110010111000110100111001010100001111100110000110001010001111011110000110101110110001100000100001001010101110010110011100100111011101111100111010100000011110101101110111101100000100000010010011101010010000100111
001100100111101100011000101110101100000010000001011111110111111111101010111011000011010111000100100101010010100011011011010101010100010110101101101101001101000000010000011101101101110111111100011000110110101100110101000010101101000000110100111100010110111000101010011001000010000000010000000101100000001000111011011100100010101110011100000001010100001110010010010111111001100010010001010011010
100100101001001001101011010001100110011110001101111011100101010001100000111011001100000101111011011011000110100110011100111010010011011110000100011101111110010100010011101000101101111100010010001001001000111101010101101101111100000101110101101111000100101011011111010001010111100111000101011100100011100101001100000110010101111010100010111110011000000010100000011010000010101101101001100010001101
101110100110111011011111001100100010011001100100011010111010100110010101101000011111010110000100001001100001000001010010101000101001110001110001111101110000110111011011011011100001000000110110111101011101101011100000011011111110101100111100110101010100000110011010100000011100001010110111100000001011101101101101010010011111000010111100010101111100000100010110000101100101100100011100101110
001110101100000111011110101110000000111100
000
000011000101100110011100110000011100011101001001100100111101000111011011111000111000111100111000011110000001000101001111001101100111000001111110101011101101101100101001000101001000111101011101100001111110101100111011100011110100111010011001111000000011011001001100000111001
1001001010111011000100011111001100000011000111110100100110110110111011111111100101110111101
0000001111100011100101101000101101001101001100000100011001010010111111001001101110000111001101110110001100111011100111101000000010101011101111011001100100001010111110101011000011011100111110010101100110111100010101101010000011110100111000011000110000101001100011001001101101011100010100111011011
0111110110010111111110001000001111001110010001000000000011101010001000001000011001111101100010011111000010000100111011000000001111110001100100110101101111010110101011100001011010111001110010010101001110111000010100110010100101010010011111101110111011001111111010101100000111110001111100011000100001011011
10011110010101110101000011110110111101011101010110111001111110101010000100111110001110101101111101011011011110000101000111000110110010101001010100010111111001110101010001000011101010100101100100001010100100110
10111110001000000101111011111110011101111110101110111010011100010110011111000010011111011010101111100011001011001001011101001010011000001101111110101101101000011110001101110111001011001001111110110001001010111101010100101110110111101010100111110010001110110011010010000000010101010101011001001111000000010100011011111
10001101101111011000010001000101001111010010000010011011111101010101101100001001010010100011011110000001101111100011001000100110110111111010
0010011000110101001001100111001010011001101110110110010110011111001000100100111111011111001110110101011100001111000111101010001011000011001100010010111010001100000000001111100110011100000
01010111000100100000110011001110001111
1001111100010001000110010100001111010101111011011111001010010100010000001000110000111111000010110111110101111101110000001110111010110010000100100010110011001101000000010111110000101101001001001011010100100001101100101101101010000001011000100111010000001001100000
0011111110111001011011111001011010111010101010110010101011000101100000101000111001010001011101010110101001010011100010100101100010011000100010101010010001111101101111000010010000110001101011011001101011101111000101110001011010101010000001100010011010111010000000110111000000110011110111000001111000010
1001000001101111100011101100011010100001000101001011100001100000001000110100000000100100011001110100011011100111001110011000011000010110010011001111011101010011010001010011010011110010110101011111000101110111000111011110110110001011101000110101100001000101110111110000011101010000111011100
00000000100110100011111100011100011011001100001001001001000101011111001000111110010111111000111100101001110011000010000100000110000011100001111001000010111010110010100101101100100000011
1111011100001001100111100001011010000001001110101001101101010101101111001101011110110101010111101000110111010011110111010001101100010001111111101010110001010011110100101101011110011101010111001101000001010101000011010000000010111001001001011010000001101111111111101101100100110111100
1111001000011000010101000101110110000111000101100000000001001011111111110101100000001111111110111100010011011001001010010111110110101011001011011001110110010011011110000001010100101101101110000100101100011100111000001110000100101011001010101110011000101010010100100100110110000101010011011001100000111010011001010010101101010100111010110100
11110100100011010000000110100001111000010000110101111010101001010001100110011100101100101011100000100101100001110110100101101100011010011011010110011111101001100010110100001110100010010011101111010101111101001111011110001010010010110001110111100110111101110110000100000001
01010001110011011101001011000101001111111001001101110011001001011011100011101111010001100010111110011100101100101001000111101001111100101010110100000110110010100100111000000010011011111101110000011101110101011001010001111101111011101100011001111001101011111110000100110100011111011101000000101111011100011010001101110010011111100001011000
11110101110000110101101001001111001111110001011011001101100111000100100000111110101100000111101101110010101101100101111100101110100110010101010000111010010010010111111101011110110011001011111000010011100101010000000010101110000011011000101001110000011001011011111001100111
0101100100010011001011000000011001000101101011110010011110010011110001101101110100001010000001110101011110000000001011010111101101010100001101111010101010110111100011010010000001100011001110010100011101101000111001100111111010111001110111110010001100110110100101001100100111110001000110010101000011010011111000100101101111100011100011100100010010110001111001110110011010000111000101111110101010001011010001111001101010000001001000
0110101000010011001111010101011010111011100111011010111011110011110111110100010010001010101000100000101010010111011010111000000001100100010011001001000001111110110011101100100001100110100100110000010010101000010111101111100111001011011110110110110101100010111101000110110111011000010101100011111101100010100111000000110100001011000110000010001010010010111111001111000000101011110111000101010111110
1111110111111001110000100000101100010110001101100000001101010110011111000100000110001111100010110010011111101010100000111100000111010100111011110110001111100100111010101000100001000011100110110110001010000110100110111010001101111111100101100110110111100011010011010111101100100111001011000001001011111010100010000010001110000011111101101000101001110111110111001110011000100001101100100101101011001100101110101010011001001100000111011100111110010000010010010111111001100100000111
0001110000111100110000000001101100100110010110011001101010001000000010011011101100001110110110111011110000100101011100101001110001010001111011001000101011110110101011001000010101100100000100101101111111111111010100000111110111000110100110100110100011111110
11000100111101011110110001111101010000101110111101001110011000101100101100110110100101011001101101101001011001101000100011101111011000011110110011111110000100010111000110101001111001100110101010111000111011100110101100110000001101101000001101110101010000010110111111110011100011111100001101110001011101101110001101010110111001011010001100101101
0101111110010110000101100100111100100110110111100100100111111110001001100111011100011111111100100110101001011100100100011000101010101101110101010111100010101011101000001001100000010100100111101011010111001000011100111011111000010100000000101101010110100111011111101010110010001011000100011100111010000101111101100111001
010111101101001111110000111001110011101011110000100101000110011101001101100111010001000011100001000000101000010110000101011101000000011010111000011111100101000011101010001101110101111110101000011001100010000011011001000000110011011100010010000000101000101100110100100011111011100111000111100100111000101000011001010101110100101011000111010111001110110000001100011101011110011011110010010000010100011111111000000100101101000010110001011110101010000011010000011001010101101
001010111100110110010011001010111110101100010011000011101000000111110010000011101101001100111110110110010100010100111001101000110111101001100110111110101001110000011110101000111010010011000101101110010000000101001100010101110010001100001111011010001011010011011011010011101000101010001
000101111011000001101100010111111010010110100100100000010101110001000001101010011110000010000001000101100101010011110001001101110001111000101110101110111101100011001001101100011111101100110110101001111011011010000100000110001001000010011100011100010000011001101010110100111111111001100100001010011110001000001010010111000001100110101101011111011010010100111101011110010
11001111000101011111100110010010101110001010111101110011000111011100100110011111101101010111011001010010000000010100000011110100101011100110101110011011010011110001000000111110100110110100111010100011111000011111011111110001100101011011010110111110000010100100110010111001011000110001011011001111100111000010000101100010001100110100111000101111011100100101100110101101101100111001010111100100000100111110111
1011011101001100111111001100110111111111100000010011011110111110000110101000111100111000001100100000111010001000011110110000101011110101110101010100111001000101100011110001110010101010011011011110011110011000111101010001001111011111000
000010010111000011001010011110111111011000101101101100011011010
01110111111111000000000011111101110111010000101101010011110111000101110101110111100101010100001101100100000101010101001010101001010001011111011001001001111011000111000110101011010010011110110011110010111100100100000010110001100011011100111110100100111010101011000001011111010100100101001111100010101001101000001110000001001010111001011111101100101111100101100110011010101101
110110101010101000000111011011110010101010010011101000010110110000110101011100000100111101001010110111010011101111100010000000110101111100110111010000010110100011101110000111001000001110111000111111100110111010001001100011010001101000110100000101110011110100100001011001100011110101010111010111000000101001111010101111011001100010110100001011001011001011011000011011000010010110001110101000110000011011110001
01010101000010000011
10110111000001110011101111100111010000011011110111011001011010011000001011111000010011101010111111011100111110011001110011101010011111100010101001000010011010110100111111010101011010001111011000011100010110111100101000111100001100100101111100011010001111110111001100000011000001010010111111111010001111101011011110101100010110101011100100100011011011100111
1010000110001110001000110000111101111010001111000100001111010110111100001000010001100011110010100001101111110101011101100001100111110100101010110000010110001100100010000101110000100100111000110100110111111011001110110101010000100110001011000101010000111011001000101001110010111011011001101100111100101000111110011000000000101101001110111010110001011110111010101100010001010000000110000110100010000111010011111101110111100001111110000011100000100100101101010001001111110111100011010100011
11100101010111111101111001010101000110011011011000111101100110100001010010010010011100110000110010010100110001010010101000010011010000011001100110101101010100101000101001000110110111101001101101000000001011101100111010011110001110011010011101011001111000011000110011011101000100101100000000011000000111000010010110000010100011101001001010101111110000111110011011001001101111111010001010000111101111001101010010001100101001000110001
000111111100001100101111000010100001110000000110101010100011010001100011010100110010001100100010001000001011110101010011011101011001101001110100001111101110000110001000010010111111000110110100111101110111101001110001100110010011011111011110110000101111100101011111001001101110001101010101101000110110000000100110101011110100011
00110011001010011110011110111110110011001001011100110101100000100000101111001101010110110100101111110001111111101000100011001011110110010111011000110111110110101111110110011010110111010100011100110000111001110010011101101100010110010010010010011111100100010101
0001101000111101001111111010001001110011100101011110000111011010101111000010111100001010000010010000001000110000110111100110110001110001011100010011011010011000100001101011001110001101101001111010101010010101101010110000110111111010001110111111010100111101001011110100101010001110100110011100111001000100100000100011001101011100101011101111000100101111011011001011001101010101101110101110111010
111110100101111111010011011110001000101001101100001011110110010011011001111001001011010100101001010010101111011011100000001111011001000011010001111001110000110111010010000111111111111110000100110011101111110100101111110000101010111111010011101010100001111010001001001100111010010111000100111000101100010100011001100010100110000100011110000111010101001011001101000110000011010000101
11000110100100000010100000010011110110000001001110001110010110111101111011000010001001111000111101111001001010011110001100010101000011110010001110110010111010011010110110000110100101110110101000110101001101111000001111000111000110000000110111110001001111000101010011101001110100011001110011010101111001000100011011100101000110
1111011010111100100100011110101001111010011000111110000100010111101010111100100011001001111011110000100000011001001100111011111001110001000101100011101110010011110000100111010010101111010000001010011101011101100111110110000000000000000111011110000110101100010111000101000011111011011111010110010110100110101101101110011000100010011100101001100001010101110010110001010100001011110011111110000111100100101000110101000011001
00011000100101101010001111110000010010001011010010100010011111100001101001111111101000100011101011100101011110111000011000110100111101110011001000000000100101000100101101110100100101100100110001110111011011011001101111000111111000010110110001110110100001111011011011
1001100011
0111100111011100101100100010011100000101010010110000110101011110111001111011000011100111101011101011100111111101001001001101010100000011111011100110110111111001011110101110110111000110001000100000000101100010000100010111001000000100101011001010101001011101110110110010110001101100010001001101111100101100011100111011100100010010111101010000100101100101
0011100110001101010111110100111110111000010101101001101101111101000101010010101011011001011110010000110111011100011001111101110101110010001001100010010111011011011111101010
1011010001111111010111010001001101010011111101111100100000100101001000110101010111100110011101100000111111101010010110110100010110011000001011110110011011011101001
001001110011100011001000101000110010010001011001111001110100000111011111000000110100010000000010111000110001010011111100110001101111111110111010001101100111000111000100111000000000000111001110110101000000101011101110011100
01100000100000001110011011101010101100110010000010001011110100000100011100010110011000110010111111101110101111101010010010111100010110011011010011001011011101001110000100111100000110111101010011101010011011010000111111110000101100000111101100010010110000011000001100100010110100110110000000010000110111001100100101100111011011100101100110000101101011110010010001000101101001000011000110011
111101010001010010110001000101101101
1010101001100101101100010111010011001011000101000100111011001011100000110100101101001011010110010101001101111010101001110100110100100100010101010100000100010010001100011111011100010100111110110001111010011000011111010101010111100011001000011000100010000001111110110001101011111000101110011110111011000100110110000111010000001111110011111100111110001
110101101100110000011100000111101101000100100010000101111001111001001111010101011011010001101111011100101100011111100110011101010101000100001101011111111111001101
1110001010011101010000100001100111000010000100010011101001111001111110101010110110001101110000100111110110010010110010101101100001110001011011100110000111110111011110000110100101101110100000010011100111110100001011101111010100101100110010110111011001000110111011110011100111100001111110001001111110101000101111111011100010000000001000101101010101111
011000011100011010011011100100100110010001001001010101001110101011011100101001100111111101011101111010011010011101111011011110111100101101001100001011110101111000110111011101001010111001001111000011110101100011100000101000100011101110110000100100
01001001101101110101111110011010001010100011101100011000000111111110101011001111111000101001111011001110010110001110110111000100001010101010101111100001111111010000011111001010000010000011110110011111001000001110000010010110100111111000010011100000010100100011000000110100101100100110101101111100001001001010001111000001111100100011111010010111000101100101101100001110011011111000011001110110110100011011111101111111011000011110001110101111000110110010101
000110011011101001111111010001010001111001111011111010111100001000101010110011101000001101010110001010000000010101010101000110011011001001111110100101000111010100101111010100111010111111011010100010111
000010111011001100010100100000110011101111011011010100101100001111110101101111011010000000010000101001001001100101010100111011001111100100111000001100101000111111001001000000100000001000110110011100000100100001010010111011000101111100011001101111001111111001001000101011000011011100011000100111101000011000010011110100001000010100101111001110111000010111
1001110110101011000010000010100111101
1000101100001111111001111010001110111001011000000001001101001001000100100100100000100100000100000100111100000011011010110010010110111001100111001000111100100001001100111001101000011010011110110000111101011101000101111100000100000100101001001010001101010111011
10011110100001101100011100001001110110000110110110001000110101001001110101100101000000111100000100110101101101001100010000010011000011001001101101000011001000000101100001011010011001101000010100100110010111010000001111011010111011111000011001101110111010100110000011100001101010111101110011010010001100001101100110011011001010111101111100110010110101001111001100101100100101111110001000111100111001000011000100100010101011000100101101001101010000110010101111111010111
01111110000111011001010001010110110011001111100100000011101000011001100101100101111111111110001101010000010111101011100011011011011111001010000010100000101100000000110111010000110011000110010011011010010101111010010000100001000001111010011100110101000010100101010010111100101001101000110111011110101010011011111000100100100011000100101110101100111001101100000111001001010001100010110110000110000110011111000011011101101110001010011111011011110011011100101101100110100111010011001101
1011001010000111111101000011000101011011100010011000110000001110111
11011001011111011011010001110101000000110010001011110010001001110111010001001001000011001111011011100100110010111010110001010011110001111111011001000110011010101011101111101110011000101000000010011100001001011000001011000001011100011011101101111110011100001000111100000010100111001001101001100100010100001111
10100111111000100011010010100000101111011111011010011110100110111010001000100011010111001011111100100111110100100100101010111010111011100011000111111011100011110101011100010000111001100000100111010010000010111101100000011111111010110001
1010001111100100100101001110101011000010110100010110001110100100100000110110100011110111010010100111000010011010010011110011100111011010010000001011101011011101111110001010100111110010110101000011000110010011011101011101111111110101011111110000010101000001100011100001011100001101110101001011001101101001000111100100101000101011011010000101011011101100010110011100010001101000100110100110111100011101111110110001101010100000000000110001101111100100011111111
00100111000000011010111000100011111010001110010111000100001001111011011010010011110101000110001101111111001101010010001110001110111110101001110110010000100110110111111101000000011010010111100001010110000000010110001110011010111111101111110101100000100000111100111111111101100010111010101001010011010110110100010100111010101001010110111110111001101001110110101101011001111011100101100111000100010110110100001010010101100011011100111111100001010100100100010
1011101101001010101111111110000101010101011100001010011011010101011101010010001010101111000
101100111000010010010101010010011011001010010111101000111010110001010111011111011010101100111101111110111111010110010111001010010011101011100110011011100110001111011011000000000101001111111011100010111101010110110011101011101011000010001011111
11001111110110001001010001000000100100100000000010100100010101111010110000001111101010110101000011100110011011110011100001100001010100011111111000001110110111111100111010010100010100011100101101100010101101001100011001001100001110010110101100001001001110001111100100100000101100001010011110011100101000000011010111101111111100010101010100011111100000101011100110010110001110110110111111101000000001111111011101011000
10011011100101101001001100100001010110100101000111101101111011101110110111010100100011001111101011111101100000010011010110111100
100111000001010111011100000000011110011110001111010101011000001011100101110101001000100000110110100111101001111010000000111101001110111101001001111010111000001001001011001001111000111101000111011010100011011011110011100000111111111110100100111110111101011110001100000011000100100000101001101100111000001100001110000001000111111100110010111010101101110101110101000101010111101110011010000110101101101011000000011100000100111
0101001101110001100001010010110101100011100011010100111010001010110011001000111010100001101000011111110111110000011001000001110010000111100011100000110001000001100110110110001100000101111101101000000000011110110100111111000001110001000100011000101110011111110101110001001000110010111010100101110111100101001101110010010011101101000111001100001100000011011001101010011101010110110010011111111001010010000010110110011110010111101010111001011000001
0101110011101110101010011001000001110111000101010010101000111011110001010011010110001000010011111010110001000001000000101110011010111100111111010111110110101101110010111011000100011001010100000011110111110000101110001111000110111000001001000011111110010011111001001111011110100110100111001000101111101010101010101011011111101011100001100011111000110000000100000100111000101001011111100110010001001000001010010110100011010101110101100101101011000
010101001000011011110011100011101010101110011000100000100000100101000101010100110000011000100000101010010011101011101100110000000001000000001110000011001100111010010001100101010011010001000110011011000000110000100000111001010000001011011001100010011010001111100011100011111101011111111111101100001001010110001101011111100010100100101001111011001001100111010011010001011010100000100111111110010011100101000100000100101
0100011110011001010110100010110000010100101100000101100010010100011001111101101110010011100001010111101000011110110010001101001100101001111001010101111111010111011000011111101000110001010101101001101111100000001100100
0001111111001011011111000011100111101100100000101100100100111110110101000000110101111010101100010100
11010000001011001011100000101111101011000010101010100000100001000111101100101001011001011101010010001011101101101011010110000101111110111110101111010001100011100010110001010110011011100111000100101100100010111111010110010001011000100100000000000010001000011011000010000011111111111011010111110001101100010010101011011100010111100000
0111111100010110000100000011100110110100001011100010100111111000111011100110000011110101011101111110001001000010111110100101100100101110111101000000011101011101010111110111010011001011011000011101011001011010000111011010000001100010100011000101001010111000001100001011101100010000011010110001011001001010101010110001010010100111010100000011011010101110010100101110100000101111111111110101000011010110010101001110111111010110111100100000100100011001001110101
