53
01101110010000001001110000111100010011110000110000101011110011010000001111011011111000110110100110101011001010011001011101110011000000001000010001110000101001110010001
011010011001111100101100101100100011111010000011011111011010111100111101001010010110101100100101101101010111001110010001110111011000100100100011110111100101100111100111001100110011001110101111011100111010101100000111111100111111001001001010101101010101000000000111010110101011111100100100111111111100000101101111101001100101111110101001000000110110011100110000101000000110100100100110001110100011001111110001011000100111101100110111100011001111010000111010
01111101101000010110101001011010111011111101001011111001100000100110001001000100000111110111010010111011110101111101011100111010011001110011000000011010110111100110100011011011010011101011010001001101111000100010001001100001100010101111010001101010000011001110000000111001010000111000010111111000101110101100111111111001111110110110100011000101001010110101000000111101010111011001110000011110011111000111000010110000101001100001111011111000
0011011100011110101100001000001110010010110111111010001001101001001111010011101111010100010001101101111000101110010000011110111000111110011101001001110111101000000111011111010101000010000101001000111101110111001011110110
101111100000101111000000000100011100001010101100111000010111111010001110110110100101100100100010001011100110111111011110110000001011101000001110001110010101110000111111010100011010011111111111000110100110110010000100110101001010010100011101111011001101101000100101000000000000000000010101000111000111000111010111100100110100001001100001110000011110100001110000101010001001100100100010111
111100001000100101001001010110000000111001110000101111100101000111000000101001111000110111111110100100011001010110011010000
11110000000001
000001110111001010010001110000110100110110001110100011010010110100100111111100
0010100011100000011101110100110001010110101000100110110001001011100010110010001010001100010010000100011100101110111101100111111010101000000110101111100110000101001010000000010100101011010101011000000101011101110010110000000100110010001001111000001000110001101100110100101011010011001100011111011000011001100011111000000001110100111010111011101010001110111101010000001100011110000001110010100001110000110111011111101011111111110101111100010011111111100011101001
01000111010000000010011100000100000001110111011011000011000010110110
01011001000000000110000111010100110000010110010110100111100001111010011110000111100011110000100011100110111001001100100101000010111001011110000110111010101100011001011011111000001100010111110101000011001001011110010010011100110100110101101010001111110100100110000000001011101110000110001010010100101010
1000100100110101000101011101010111110011010000000110111000010000000000100110011100001000010001000101110111010111100001110001101101000101111000010011110010010011100010000010110010000100110011010011011111111111001001100101101011010000110110100010111111100100000110011110000000001111000101111001100010010111110001111001
0001110000110001010111010001100100001110010001100110110000001000111010110101010101100100001100101101010111101010100010100110011111010101101110000011111001111000101010100010001100100100111000001001011010000110000001010010111011111000100000111001010110011110010100111011010010100111001101011010010101111011111110011010110100110000011001111011111010000011110001010111000011101010110011101110111110000111111000011001001000000000100111001110001110011111011111011100011110000100
1010000111010101010110010000010101011110011000100101011100010100001001000011000000101001001011101100100101101001111101001110001001000100110110000110110111111111000001001001010000010001100001101000110000011101011111110011011010011110010000101110101111100110010101101000110100001100011000111
1110111101010111000000100110100100000110010101010001100011101110011101100010101110010100110100100000010000011000101111010110101010011001100111110010010010111001101110110100000001000000100000101001000011111101010101111100011010011011100000011010010010011010011011110101001101101000110101101110111000000101100100111111111100101111110000011010011111101110100010111110010100100100
01111110011111101110111011111001101011000100000101100001111101110101000101100100111111010010101000101111101101011011001110001001111011010101011000101111010111001110101111000011001001100101011110110011110010110000101110000001000010011011011001000001111100010000110010001000001100111100101010010110010001011011100100110110110011010101000101110001110010011000110100011111011000111010100001111001100111110
000101011011000000101010001001110000100011100000001100001011000101110100000100001110100011100000110110110011000111000011100010111111111101111100011111000000011100100100111111111101011011011111000101110111001101110110000110110100100001001110110110110011010000101111010110101010111100110011010000100010111001010000111000010001110111110011101000110111011111110011101000010111001111111110100111101001110010010101101001010100000101100001010101011111011
000101001101101010100001111001100000010100011010101010100111110001011101000100101110000101110110110101001101001100001000001001101010111010000101001011100010110010111110111011100010100010010000110000101010000110010111011111100000000001110110101110000101101000110101001111111101000100001110001000001110001100100101011111001000101101111111110010111011010100111110100010011011010101110000101111110010011100001111101000101011101001100000011111001011101001101111001100000100010001111011011
0010100000101101110011100000100100001101101011101000100110011101100011001010101001001101110010001110111011110011110100011001011010001001110111110110111101000111110100110011010110010010001111111101111111010100100111111100111110001100001111011
001101011101110111001111000110100011010001011111100100110001111000001111000111100010011011010101001011111111011001000110000011100100011011000010111100011111110010110101110001000101110010111010100111101011000011110000001000100111111110100001011100001000011001111101001110111100001010110101001001
110010010101100111101000100001010100110111111000100000000111001000101011111000110110001101000100100010100001111010100011011111000111110101011000110000011101000011001110011110010110110011011010001000101101101110010110000110011101001011011100110010101100000111000001110101010010100010111101111111000001100111011111111010001010001010111011001011001010001010001111010001001101111101001101011101000110010000011000100000100001011000010101110101100110000001001000011110111111001000110000001001000001011101
101100010101010000010010001111111011010010100111100
100011010101001000010111101100010110111001010011110100110110000010010110001110100111001110100101100000001010101100
000100000100100101000001000101010000111110010010101100011010011001101111101010010001101100110100000101101100010011100100110001100111011000000100111001111001101100100000110001110111001000101111011000100110000000110111010100111100001001010001001010000100000110000001000100110011101011001101101111100011100001011001011000
00100110011110100111011100011011111011111101110001000011010100100000101001101011010001000101000010101101000010101110100010010110000101101111111011011011110001000111000100000011111101101110111111000111000000001010100001111101110101100011010101100110000110110011100011001011010100100110010010101110001001110100110111111000011011011100101100
11100010100110110100101001100010100000011111100001111111000001100000001001101011001000
001111001111111111011010011111011110101110110011010100011101010101101010111110011000001000101111010011000101000110000011101111010000010001010101001000010000010001001100010000001101101011000010011010
1010000110000001100101111101101110100000101110010101010000000101010001010100100110111001111101100111010010110001001110010101111111011101110000010110100111110001001111111111101110101110000110010111010010100001
00011111001010010111010100001010010101011000110001101011011000101100011111110110101100111101101111010101010110100101001110101011110100000010000110111010111101000000001011000000101001001010011100101110100100111000110000111001100100101100111000011101001101101001010111111100001100001101111001100110000101100110000010001
01100000001101011110110010000110000100001111001001001010011000
1011001100010011011101001101011100000001010111010011100010111111100110111100101000100110000000000011000011000100101000001001001000111000111011111010101001110100011000001100011010000101011110001111011000100110111100101010111001101110100010010000100010110001001111010010000000010100001001010101000011001011111010111101001101101100110010110110100110101010000100010011000011000010000010
0001001111101010001011111101000001001101111011110000011000101100111011001011100110011011001110111000100110000101011110111111000101101101110010100010001100100111111011110101000010001100111001111001001100101010110111011101001001000111110010110001000010010111111010000100110100010100000110010110
11100010001100000000110111111101010011001000001111101100000100101111110001000111011111001010000110110111011101101011010101100011010001100110010001100110011110000111010110011101011101111110111001101111100110010101101100011110010000000100101010111110101101100000
11111011111100101100110011100111010110010011111110011011110101110101001010011100101111000100001011000101000100111110111010011100110101011001100101111100000000000100100101011100111000000100101001000110101101110111111010001011110110111101101100000010001001011111000011111011100111001011011001001100000000000011000011011111100001111010100011011101101000101000110110010101010001000001000110001011110101011001111011000100010011111110000000111
00110100101000001101011011000100000101001111000010110000011000101111110001011101010111011000001001000010000010111000111000001111010101110011000000010000100101101011111101110010100010100010111011
11010110000110010110111100001101001010111010011100101011110110101010001010100101
001010100001101111001001110001010010001111101010001110010001110111101110010000111111011110000011001101011010110001010111111000001010010011101101000110001000110001000101001111001010110111011001100111100010011011110101011100011110000111001110100111100110001101011001111100010010010000110101
100011011110110010111111010110111011101110010111010000011100010011101011010000100001111110111111101011011110010110011000111100101001000010010110010111110010100110010011110010111101101010110101011100
1011011111111101011111011110001111000110111101000101011001110011101000000100100100100001000001010000000111011000000110101010111001110011010101101001100111001111100101000000011101010100011110110111000000100000101100001010001111100111001010001001101110111110101111111111111110000000000001000110011101100000010101000011000000101001010001000100000001011011010010000
1110000010001100010100110000
1100010001100101100100001110011011011100011111110001000101101001100100000011110011000011101100001001011000100000100101000011100110110010110110110100101001011110011110101010010000111101110010100001111100010110110011001111110110100000110001111001111111001000010100111011001101111110111000001111010010101
00000110111001011000000100001100111110010011000010100
011110110101110011100111011010011001111100010
10011011010001111101100110101101010001000011011011101110101100010111101001101110010100100111110110111001110000000101110100100000010000101011001101001100010011101110101001111110000101000000101100010011011001010110111100000010100000000000010011110000111010100001110110000100100011100111101100111100000110110110111010001110011001110011110000100111110100010000011101010011001110001001101001000011100000100001000110101110011001010010011010100010101110001010101110101101110100101000000101110
1010011100000110000110001001000011001110111010000110010001101001011100010000101010110001001001001001100010001100000001111000011001000101001011000100100101011010111101100011001010001111111010100000011000110000111100011000000101110011110101110010010010100010011
00101010101110111000111010010001101111110000101111100101111111110010110100111110100011100001110000000100001011000101001011111001111011111110111110101010010010001111101101101111001100001110010011101000010100111110010111000111110010001000101000010000010010000111111100111110110101111000110100111000001101010100010001001010101000111000110001000000111100111011001111010111101101101110111011111111110101111010100100111101100
0100101011011000100001110110100111000001010001001100011101100100111100010000010001110000100100100000011010010110010000011000011011011110101100001000010110000000010001011000101111010010101011010110010111101101011100001000111011001001011101010111000
10001100111101000011111111110011000001010100000111000101111101100100010000111011111
0101011101111011010011101100101110011100011010100111100111010011011010110101101000100010001111001111100001100010010110000101000100001010000100011110100111111101001001001010000010100101100010110110100001010000111111100110100010010010100010100000100001111001000110101010101010100101111
100000011000001010111000001001111010101111110010010000000011110001001000000110010011110100100011100101101111110101011111000101100101011000100001011001110100011000000000111111010011001100010000011000001110000100000000110010010010110111111101101010000001010011010011000001001111100010000100000110111000110110000101111110000011001010100010011000000011001101000110100000010110100010011110000111101110000100111001111001110100010000011100001010111101100111001010010
000000111001111111001011101010100000111001001001000101000000011011000001010111000000011110010110011101101000100
110010100110110000001100010
10101010000101101001111001001110111000111100100000101010010010101101010010110001
