19
010111000110000110100100001010111000101101111000011110110100011011110100100010000111101101011000001111101000110111111010110010100001111111100110111000010000001011011011001110000000000010100011100100000100000000100100001011111100111000001101110111110111111100010111000000100010101111001111010110010010000010001100010101111101000110100101001100100110100110011010111101001111110001101001000010101001110110110010001110010010011010100101100110010100010001101111110001101000110001000011010111111100
0111000000010110011100110000001111010000110011000101100011011111110000001010110011000000011110101
01011110001101100111100101111001101101011011000111001010011100100001111110110010000000000010001101100110110101010110010011001101111101011001100111011001111111110010111000110101101111000000111100101111110001100000100110100000011101001001011011000111000010010101101110000111111010111101011110010001110011101
111011101000
0111101010010001110001001001010110101011001101110110000011010100111000110011101001011111101000100110100111010001000110001100000011111110111101011110000111000010101111001000111010000001011011001010
1101010100010011010001101111010110100001111111000111111110010111111010000101101001011011001000001001101100111010001111001100101
10001001000101000001110001011010100101010100001000110101010010110100110010000001111110111110001100010101100110001011111110100111111000111111010100000111001010101100001111001111110100011001000111100110100010001001010010010011110101001110101111100011110000001101011100111001110111010011000110011100100101110000010001111001101000000101111101011111101110110101010
01000011000111101001110010110010000111110100010010000110111010110100000101010011100000110110100010101110011010110101001001100001111111011101001101111100101
0111001000000100111111010010001001011010101110011100100101110111110001010111101100000100011101110110001101011010011111100011000001010110010110100100101011110000101011101001100111000011111101111110100001011111101101100101110000101000001011000110101011000101110110110011101110001000011100000010010100101111011010100010010101010001001001100101111011100000000000010011010111010110111100111111001110010101011000001100011000101001111010110011
11001011001001100011011010111010010000000010000000101000001101110110100100001001010111011010111111100101001111001000110001001100011101010010100101000010001011001111111011111011010100001101010111100100101011000101100111011000101011011101011010101001110000101011111100110011101101100101100001100010110001010111011100001101011101100001110110010111011101000001011011001010000100
001100011111110001101010110110100100011100010101001010010101001100001101010001111000111011111001011001000111101011001101001000010101011110000110011011001110101000111111000001100011001110011101111011111010100000000011100001110000000100000110010111111101100001010010111010011110
111101000010100110011101001011111010010111111101001010100001110101000011011111010001001100101000100111101100111101010010010001111100001011110110110001111101011110101000010000110100010110111101100010101101010000010110000010001000101011000011000011100011011001111111100011001010100001000000001110101000101111110111101001001111100
1101001011100101110101100110011010111010101110111101000100011000111011011000010011001010001110001011110110111111100101011001
001101110101110010000011001100001101100010000110001001001100110101111111110010010011011101110000001001100101011100010100000110000001000110100010000011101010101011111001100010011101001101111010000001001011010110010111001011000011101101111111010000011110000101010000010011011011101110011110001001011101001111011101111001011010100101000110010110011100101001101101010010111000110011001101101100010011001011100101000100010110111101110101110000101001111100011001001011
100110011101100010011001001001000001100010011001111010111010101000010111111100100111001000110101011011010011100111000000101010001110001101010001111110010001010110101101101000110000010100010011001001000010101000110110100000100001101011011111001010110101100100000111100100000111011111010010110101011000000110111000000101101110111110110011111101110001010110011000111111011001100101110110110001011001000001010010101110010001010010110101011110
000001001011110110100101111110011111011011100011010001011111011011111011011010000011110001000010011010001100011000010010010100001001010111101001000111011101001011010011110001001111011101100101111000000101111001000000001110101101110000111001100101110100011101110011100011111101011101101101110101111000000111011010110010111001011110100100101011100110011100000001101100011010011100111110000000111101100110010001101001100111001011100001001011110110010100011001100101111010011001111011111111101100100
01111011111011100110011110101010000011101111110000001001001001111110001010010100001010110111011111010111101100010001000111111010101110100110111100111001111100011011101100010100001011111110010100001000001001011110001010000001000100111111110010001110110010101000011100101000010101011010001110101001000110010100101101
110000000111010101010001111111011010011101010100011010000001011101011101001110000100011111111010000110111100110001011001110001010010111110101100101011100100001010011011011101101010101001011100011001100000101001011011000010011011101011011101110001110000110110100010101101101011001000100000000011001
0110100000101001100011111110100010100001110101110101011111000000001001110111001101011100110110100101000010000110101100011011000111001010000011011011011101001111100001111011001000001101100110110100000111001101000101001100101100000100001111111011010110110010000
