71
111011001100100111000100101001011000011100111100110001100010111000100001010110110000001000101001010010
10000110000010001011010011000100100000111011100101011101000
1101110001010001110001101100111100001001100100100101011100111001001011000000011001101110011111011011110101000101001111110110101101110000011011000000000111111010101000100110110010101000111010110000000010011011111
1011110000110101010110110011001011100110000110111010000011101
01010100101001000001011100010010001100100101101101001011111100001000001101111100110111110001110010101011110110000111101011010000111011001000111000110000110110101101110011111110110010001111000000001101100001111101001001000010010010110110011111100011000000000110010101
00111000100001011100001010101010101010111101010110011010100110100111001000000011101011010010010110100111110100000001010100010000011010111101101100101001110111001001011100111001010000001011011100010110011010011000100111011110011101111000110110111000111110101000000000100111010001010111010101110011010100101110011100001110100000000001
01011
0000010100000101101101011100011000101000101100100000000001101101010101011100001111100111110001100100101010101110111011011011001000011110110010110101010001110110111010000100101100100110111000001111001001100010011010111110001101111001111000010101011110011000110001001011110010111110111000000000110010101001010000101011010100101001100001100111
11001100110110001001110000100001
00101010000111100110010001001000010100111000000000111001001010111111011100010111101100100000000111110000001110010011000100010100000100100001011100111010101010011011010000100011111000100111111011111011000110011011110010100101010011110100011101111000111101111011101001101100110111000000110000011101101110100110101000011111001111110001101110001110100110100010111000111111101100100000001011110111110001000111000111111
00001011101110011101101101100111110111111101100010101000100100011001011100001010010
1011001010001101111110101100010000100001101000110111010000100101101010010111011111000110001110001110101100010111000011000110000110100010111000010001100111001100111111111010010101101110100101101101011000011101111111000001101101100110101001000010011100111000010111110001011001010000011100100100111110110011110011111110010111001000010010000111111111000110011101100110100000010011110001001011111101110101100000110100000010111110101000111111000111011100000110110
1000110000110000111110110100110111011101101100101001100110101010010111111111111000
001100100111111101001101000100011000111100111110001001111100100111000011000011100101100100101110110110110100101110001001111011111001011100111001010000010011001111111010110110100000000000110000000101011110010110100110001101010000110011100110100010010011011101010110000100001000111001110111011110010010011011100100100101100011100100101110111011111101001101011101110000101000111010110101001111110010001110010110011111000011101110000100100000001010011010101000111101110110110001010010110010
111001110100111110010111010111010011110100100110111010011111001011100011001011000000010001101101111111111100110000100100101101110011010101001100001001100101111000101110000010100101001110001110110011101000110110100000010111000100111110010100110100111101110000100010010001010100110001110000100100101100110101010001010010011111000000111111100011011100011110100001111100001110101010110110101010010000110011101001010100101001110110110101
10001011100010100110010001000111000100011101001101011101101111011011011100110010010111100110010000110111010101110100010010
0010000111111010110000101011100110100011110011101100110011001100010011110011011110110110001011011000111001011100000100111110000000001100001101010110111111110001111
011011010110110011000000111000110100111100110100100111011000111000101101100000111101011000010111
000111101010001011001011101001011100110101100101010000000001101001010001000000110001001110101111011111000001101100011001101001010011011110110100101000111001100111001001010000010110000110101111110111010011110111011000100110001101110110000100001100000101010110000111111011110110000101100000111001010110110001101010110100110010100001001111111
0110000000110110101011101100111100110011100001111010011101100111000101101000101110000110100001000111111110111000011100011100001101100001000101110110001000101010000000000111100110110101001001000001001011110000000110011010110101010000100110
11000010100111011010011001100100001100011100101011010100111111011100011110001010100111100000010111000011011101100001101011111010101111110000010011101100101110010010010001111110011000000111110110101001000101100111011100101010110110110011100001000011110010100110000000001010011010010001111100001101111101110101100001110001101101010111000100010010010010111010000000101011110011111010111100101111010110011011100001100001001111101111001100100101
01000101111011110010111101011111
1001100011010110010101011101001111110011010011110100001100100010010000100111110011111111000011010111000010100000010101100111001110001101101100010010001000110110011001001001011110001101
10101010101001011011000100001001100011001111001011110011100011111110101110011110111001101011010100110001101110101011000000010111111110110100101100010101110100101110010110011110011001110001000100111111001001000110011110011100010001010111110100100101101011011011111001001101100100101010100100001100001111011100000000011000100110000010010100101111110010110100001100111011000011001111110011100101010000010110111000011000111
0101001000010110010101000101111111100010011111100100010111100000110010011000111100010010100001110010101010101100000111100011100001100100011100000100101111000000101111101110111110111000011100100011101100100000001011101010010110010001100110001101111010111110011001000110001011000111101100101001100110001000010101011100101000010100111011111000010100011010011001101100110011001011110010000101100110001001011001110110000001011110011001110001011000100101000010011110100
001010110111011101001010100011101010011011011100100111001100100111101010000001011101101101010011000010010001111011000111100101000110100001100111010000011010010001110000101010000011110111110010011010010011010100100110110100000101100011001001100101101100100111000101001101111011111110010001000100100110001100001000010000100101010011111011111011101111010101000010111011
00010110101011011000000100101001111010100010111111011011000100110101101101111110110101001010111011011110000000101110110100100010100110101111100101100100111110111010101000001101000100001100011000010011111001111000010101110000111110000010011000110011111101000100000101111001101101100000111101001011010111101001010000111101001101000100000111010000011110100110101100100100010110110010101111100101000000100001001011010011000001011100100110000101111101
11100011101110101100010111110010110000011100110111001110111111011101111110010001001011111101011110100001111001111110000101111100011000000011000100010100101111100011010011001100001001011001001010101010010110110110000010100
01011000001010000000000111010110000001111010000101101010011101001000010010001101100000010100001000111001001001111100010100011010001011001101001000001001000010011011111010011110011100100100010110010101111110111011110000001111100001101000110101010100111110010100001101010010000110100101001101000011101111
0011110111001011001000011000100111101001000000011010001111001011100100011010001111001011010101011100110110101000010011101010000110000010001111001000111001010100111101011010100110000101010011100000000100000111101100010100001010111111011001100011010101000111000111010111000111111101100110111111
0000011101100101011100111100101001010111110100111101001111110101111010010110100001100111111000110010111000001100001110111010110011101100010010101000110001010110001001111011011011011011111001001111010000101101011101000100000010110010100000100011101100100101010101010010001111001110011110011110010001000101110010110101001100000101100110011001011111110011110101101000011010011000001010011111001101010011011010000101000011110100
110011110101100010001100110011100000001000100010010011011010011011001111100100011001100100010001010001010010101101010110100101011101101010010001011001010001010100011011011100110100100111110011001110000011001101011100000110011110011100110111000011011000111000000100111110111110001101110100010010010010110111010111010110101111
11101110111000010011000101001001110010111100111110111000001001000011000000111010010110101111000111000110010111110000011100001000110111110000100000011010110110011000101010011110100100101111110111110010101111011010111011100110011111100000001100110100111010
00000110000100001010011000000000101000100000111110001111010000000000100001001001010001001101011100100001010011110101111001010011110101010000001100110100011010010110010100000001101100010001100011100101100000110000011011101000110101110100111000011110010000111100100100100000011011011111111010100101001100110000101011011000000101001000100001100101011000100100000000101101000011011111001110110100110010110111100111111101010011001010000001011010010000
1001000000110111100000110011010110000111
11000000101011110111001000000001110011000111100000011100110000111110100001010111001101010000111101110111010110101111100100001111010001001000110010011010000111100
11110100100111011110011000001011000101010110101001010000000000111101100101011010100111110100101111011111101011010111000010010110111000111010111100101101111010110110001011100110000001000011011100001010110100000111101000011111110111111111110010110001001001010100011010111110111011111010011100111111101111001100010001100010000100111010110110011100001010101111101110101110110000111001001010110101110100111111001110
000000111101110001100001010010010001000011000001001110000001000101010110100011101000010100010100100100001010100101000100110110011011101101001110001110111000100111110110111001101011100000100001010011100111110110010011011100111010111000010010010010111101111001010111100101010010111
1000000100000011001001001101011101111000000100001100001101111101001110111011001011000010111010010100101101010110110001101100000001011011101110010010010101000001111101011000111000111011000100110011000010111101010111011010111001100000001011010010110011010001001110011010001110100110000111011110100010000011100001001111011000110010100101001000011011001011101101010110101000011000100001010001111010110110010110001110010001110000100101000000110110010000
01110101001000100010011011000111100010110010101001010000001100110101000011111010100000110001001000101111011110010001101001101001101011001100111001010111101110101010101010001100000101111000011100111110111110111001110001011110001010111111111001011001100010011100110110101111010010010100110101100001111101101000000110110010110000011101000100100
01110111000101111010001001000010101010011010100010001001000100
000011111001011111111011010011111111110001000011100101001001010111000110000111111110011011101010100000110100000111010001011010100011101010010011001111011010011101000111
1101011101011101000111001110110101010000100111110000000000101011010110100100000001001111110111000010001101000100100110000010011110100000101111000010010111110110100101001111011011110011111001101010001011111101011111010100111110011000011111000000011001110001101010000000001100001101100100011101111100010110111110110001001111111110110111100100010101011111110010000100010011010011001000111000101000101010110011100010000011011111001111111011110101010100011
110111011111101111011110010001100100110010100101011000010100110100110000110000101000111111101011001101000100101010010000100001000011100100000000101011101000100011111111101001000000101000010100111110100000110101111010000011011010100101100101100111100000100010101111110010111001101111010010010000100010001000100100100110001001000111010100000100111011101100100001001
0011111101000101111010111001110101000011100110001111111110000101001011100100101100011110000000010011001001010011010101110100010010010100110000001010110001001001100000110100001110101000100001001010000011000000000001100000010000110010010010010110100011101001011100000011010101101011000011111001010100100010000000101010001111100110100001111011111111110011110011011110100111110101001111001000111111010011101001010101010000000010010101011000000100111000010111111011010100111000
101010000000101100011010110010111011011011011001110010101001111011100000000110011010011100011001001011010100110100110010111001111001111000100111011001111000101001100011001100100001101000110000011011011111011100111000011100001100001100011011000000011100100000110011000111101100111100100011000100111101011110001011000111001110001010001111111000100001001100011010111101001001011110100100100110110101111000000110111100010111100110010000001111000000000101101101100001
1000101110111010000111110011011111111011000101110110001011001101011101010010001000111111110111110100000100011100011110100111110111010000000
100110001011100111110111100010010010100100000000001011010011010111001010111110101011111110110011111111000100011111101110111101111101101011110100100110010001001000111100111110000000
1000110001100111111110
011110000101001101010011011001101100000000010011010100001111011111110010
00001011101001101010100000000011111110110011111100011001111000110110001011111000111001000010000000001000000011110000101001100010111101010011101100110100101100101101011011101010110000100101011110010010000010110001101100000011011100011001111001001100001011100010011110010000110010010111000011010111100000010110110011000011110
1010111010100101011000101011001011010011011000001100010101011100000001000110011010010110100100000001011010101010010001111100100011111100111111111110011100100110010010011011011011101111110110011100111101011110001100010111000010101011000010100010010001010100101010011000111001
01011100101100011001011010010000101001110001100110000111010110011000100001111001011001111011001101000001110011000111011000101101111001110000001111100111110100100100010110110111101101000101000001011011100100111100001100010001001010101000010110010110110
010111100011110110000010110101110010100100001100111100101100001100101110010101111011110101101011010000011110011001011001111010001111111011100101000000
000011110101100110111111000011001110110101011111010011111101110011000010000100000010100001110000101001001101001010011111001011000011000101010101111011000000011111000111100011110000000111100001100011
0110001101111000001100111000010100110101111011001000001000111011000111101111001100011110001000001000010111100001011110111010110111011011111111000010101011110010101011110100010001100010100011101101011001110010100001101001011010001110000010111111001110000101001011010000101111000010110011010100011110011111111100010011001000010101001110110011
1000000110100000010000000111100010000000000110001000000101111111011101010100011110000010100100101100110100110011101101110000011010100011100011
0010111001011001100100110111100101111010011101101000001011100101001110000010111010101010100111010110111010011111110101010100010100111010110001110100101101100101101001010111111011010100101101011011000111101111110100010111101000011111101110010001011001000001010001001101000111000001000000011001010000
0010011011011001100100011011010001000011101100111111010101101110101110100000101100000111101000110101101111000110010001110100000101110000001101101100001000110011001010000101010000110101111111101110111100000111010001111010000000101010000110
011101000101100110000011101
10101010001110000010000100111011101111011110000101100010011100001000001110101001010000010101001100010111111010000000111001000110100010000000011011110011010000000110101000010110010111000010011000101110011111100010101111100101001011010101101011001110001111100010100110011100010001100001111101110111000110010011111011100001101100111101000101001110100010110100000001100011011001100010000011101011001010100110000111110010010000000010011101010101001100
1011011010110100111001011110001001010000000000010000110010110001001010111111101000111011011001001010000100000110011000000011100001011011011011111111101111100100101001010111101000001000110110011110100101000101011000111001110010010010001110001100010110111011111010110101000000100010000000011000101011000101010101010101000101111001101000100100010101001101110011111100000001011001111100
01011000111001110100110101010000011100101101001110110011010010111000000100111111100010111011111110100000110001000111011111111000000001001011001000000110000110100100010100011001101101111011100111010001101011110101101001000110010001010100101111000011100001000100101110111110001100101011110001010011100011000100001000001011001101000001110101110001000101000111110100110010101011100101101111010111110011110010101110011101101100001111001110000100101011001111000010011000110000000100
010101010101010110100101100
10110110110001100000101101011000010101100110101000111010101110101001001111000110011111000001111001111100110100111100001110001001101011110011101000101001001101010011001001001110001111111111
11010111000001101101010000010000001000011111111110010111101001010100110111001001001110010010101101110010110101010001111111110101101110100101000101111010001110111010011011010010110010011101000111001010100010100011101110001010101010011011001110100011011001
10101101001010111011100000100100000001101111100000011000111111110110000011110110010011000110111000110000110010111001000111111101100110111010101011110111110111100101101010
1110111100110110011100011100010111110101110011111000111010000111010000011110110111011000100101111001011100000100110111011101101001011110010011100100110110001000011011010101111111011000100101110100101111001111010
01001000010001010001111100011001010010010001111010100001110011110101001111011010100001000010010011111110111001101110100101010110111111000110100001010100101000001100011010111010010010110000011010010100100100101110100111100101001001010111111100010100100101000011000001111100101011101000001011
110
0011101111010101010100110001011100110100111101111000001001100011111100010010011111100110100110110101010110100101001011000000001111111100011000110110111101101000111010111110111000010100000100001111010001110010000110001111110000001101111101100111000111101011011011101000111001101110000010110100
