67
114
26
255
162
146
56
123
237
124
143
120
55
157
48
36
119
55
125
32
192
214
157
12
48
11
100
136
135
104
258
116
15
113
90
121
88
50
158
40
107
15
9
201
63
99
18
94
193
271
50
94
224
129
187
185
188
142
166
139
88
160
258
194
119
258
253
128
102
5
253
36
196
135
82
148
190
234
243
114
23
73
158
175
94
223
125
61
43
6
68
177
213
1
102
6
149
26
55
63
153
220
146
155
183
189
240
229
182
145
198
114
159
143
210
259
135
144
118
264
108
130
17
120
155
217
105
147
138
258
167
92
143
31
254
249
21
144
113
26
49
125
54
136
248
115
39
187
134
64
140
