151
100110010111100110100000011011111000111010100010001010011111010100010001101011011111000100100101110001001100101100001101101101
01010111011111101001111101010011100011011001000110111000011000110000111001001011101001010011110010001101000001010110111111100001001111110110001010100100110100100010001010100110100111100101111100111011001101010011100010000
0011111010010100011000101110001100111110111
101100111011101100101011000011001100111000011101111000111101000001011100010110101100111110010001000001101110101101010100010110000111110101001001110011100100110101101000111110110101100011101111101110101111110000110000011110001110010001110010001011101011010100010110001110101000000100000000101000110001000001101000011000100100101001010100100001110110111101001110111011101111100101010001111011110011100111000101111101110000001011110010111000011101100110110010110011011111
001011101001011010010100100101001100000101111010101001001011111001110000010110111101100100010011110011111111001100010100100110000000001001001010100010010001111001110110011101110010010110101000000101010100110000000011101011111100111101000110111000101101100000011010100111011001100001010101110001110100
110010000111000111111010011111100111000111110101110000100101101001110100111000110011010101110100100111011010011011101011001100110011000001000100010001101010011010101101101010010010110101011011001111001000000011111111111011100001000111010010011111111010110001000000001011110
0011010011111101101010001001011011011111110011000101110010110111000010001111111100110101101001
11011011011100100111000100001010101111010111011001001011111000100110100110100011010001000101001011001100111010001010001001000011010010011010110100111110001101111101111101101000111001000110000100111101000101001101010000000001111010100001000
01000000011110010000100110011010010100111101110100010100101100110000010110011111010111010100101110101100001001011110111001011000010111001100010101100010000000100010110010000101001010100001101000010000010101011111100011010011001001000001101000111011100000011110100100110010001110000011100011101001100100011011101010001101100000000010000110000101000100011001111001011110011101001000001010100001001001000101000001001
01100011000000001101110001010001111101010001010101111000010100010100110011111111110000000110100100000011110111000101111110010001100110000101011101010101001101010000001010000101111001000011001100100000000011001111011101000
10111000011100100001110001101111001101011111101110110110110010100110001001110111110110101100010111111110001001011010111001010010100100100110000010011110010001001101100100011101001101110000101000000111101101011011111000011011110010001100010011011101110110110001101
1010100011011000001011011100000110100000010110111111110011001000100111010101111100101001011111010110010101001011111111111010111001101000001110000011111001000001011101011001001011011101001000001101010011011010100010001
01011100001111010110100111110101000000001000100011110010011111111001110110000101011011111001
01101001101111101111000001110110111110101001100101101001001001011111011101011011001001110011101011101110010101100001010000110111001111100011110010001000010111000000000001111101111011000010110001010101011000001011100011100100011110110010110111000111111000101100110000010001000100110010111110010101111
00011010101101010011111000110000000111111011110111101101001000100000100001101001100110100
1110010000110100011101100100110111111000011001011001101110010100
010000011011000001000011011100000100111011000101000001010001100011101100010110011100001010001110010101010111010111010001111101011000110111110011011010101110000001011110001011110011011110001110001001101010
00010001010011110000001100010000010000100110010011011100110010111001100011111001100110
1010001010000100100101111000001000000001001001100101000000001001001101000000100000100011011001101011101001100110010110111010010010011101111010100110100110110010110001000111000110001100010011110110111111
1010001110101100011010000011111111110001010101010110000
010010101010110000001101111111011101101110001000000011111110010100110000100111101100101001001110001111101011011010100011011010111100010100110101010111010011111101000010111111011010000111110110100111000100100110001001001110011101011110000000100111100110010110011001000011100110111010101101000100000101111111101100001101101010010000010111001000000100011000011101011100
110000101101011000010011000010101111110010110000010100111001111111100111011000101110000100110001010111100001100111110011010100010110111000001011001011101000101001000011110101011001100001011001001110100010110110001111001101001011100111001011011110010010010001101000111111111100100111101110000100101101000101101111110111111001101111100110110111000011011101100001110101110111010000011001010100011
0010010001101111000101001010110011100010010110000110010111010110000100011001100001010001100001110101100001100001001101111010001000011000011100001000010011111000101100010010101101000000000011111011101001001011010101110001100011011000111001011101000000100010101011011010100011011
001110001000101001
0111111110101110101011001011001111001111011011101010001010110110001100100111000001
01101001000001100
11001000110111100000110011111110001101110101111110101010011011101010101100100100110110001010100001100010100100011110011000100101110011111100100010101001001001001000111010101001101101011001011
10011011010110101101001111000011010011001010110111001100001001011110011111000110000110001011001011011010100101110000000010111010110101010111010110010000100010111010110011010111110001001110100110111011100010101101100001110001100101111010001111110001101100101
0100100010011100000100000101000000001001010010101010011011111000010001011100000010011111100111110010111100001111101101001110100100011010100001100001110010101100001010011001001001000000011111101000101000101010110110011000001101010110111
1001100110001011011011110001011111001010110100100010110000111110100101110110010111111010110011111110011111001010000000111111001010100010100110011101101010100011100101001111100010010100001101
010100010011010100101011101100110110001000011110100101110011100101011000110000110111001001110101010110000101101011110001011000001111000001100110010111000011011011001001111000101010010000101010101001001101100001100001001101110110001111001001100110111011000000011000101100111000001100111001011100101111111000110001101110010101010101000111111010011000010100110000000010100011100010100111101101110001101111111011000111110001000001010001000101110111100010111101101100110011010110010010100001010000
000111010010110110101110011011100110010011100111111011110111100011100011100110111001010110000011001001111100011001100011011010011101111011010010000110000100000111111001010011101111101100011100011111100011
1101111101011100110010011
100010001010110000011000111100001110110000000011010000101101000111110110101001111011110111010110110111011001110110011110101000011000101111010101100100000010000100101110111001111110110001111
1001111000011100110100100110011011010011000011011101010011110000110111111000101001001000111111111000010110001011011001001000101100100101010101100101000011110001100101101001010100
0010100010100000001010110010010000011011011111110100111111101011010101101011111100010101001000010000111100100010001011111101111100010000000001011011011110110010101111100100011011010001000101011000000101001110011011001
110011111010100001101010110101000110101110010001110110110110000100011001100011011001000111011011011001111110010110111010010011100000011101011010110110010010011100011
0001101100111011011111110000100011100000011000110001001110111001111111010100011001111
1010101110010100010001111100100000010011101000101011110110011011011010100000000000101111100110010111111011100111101111010011101100111011111001111111010010110101011110101100010001010011000011000100001010101110111110000001011011111100011111110011110100000111111111111
010111110110101101111000111010110100010111000111011000111010100101000100
00110011101110101111010111001111000110011110111000111010011100010111010001011001000101011111111111101110111000111000111101010011011011111001001010000001110001011101111011011011001000
011100010000100111000000
11100101000011
00110100010111001000101000101000111001011000010011100001101100010010110111000110111110101110110111000111101010010101011010001111101101101001101110110101010001001111101011110100010110000100111001011001100110101011010000100001010000000001010110010011011001011100000110001100100010111111001010001001101100110111100111001110100101000100010011000101011110001010011001010011101011101110100
1000101111110110111001110011100010000000100001010010100001110001011010101001100101000110011000100010011000001
011101101101001010011000010101001010100100000100010111010001001101111011101001111101100001110101001011110000110111001011110011000011000010101000110000001001010011101100101001100100010000
10010100010111101000110101101
0011100001100000010000000100000000110000001000011010010111010100111000001011101100110111010110100101111011001110011001011100100111011000001100111101
000111001100000011000110111110001001010011110111000101000001000111011001110000111101011010111011101100001000000110010010110101111000100101000000000011011010110110010011111110010000101010001101010000100110110000111011101011001101010010000000011101111001011010101100111101001011010110010100011001111010001010011010101110011001100101001001110010000001101011110000010
101100101011000000001001110001001001000010110101100001000111111011010101111111100101111100100001101010000011111100010110000101101010001011111010110010111111101100000000111111111011100110011011110011000100111010101011001011100101110101000001000111111110001010100111101100100101001001010011110101110001000101011111111110011010000111100100010100010101101101011010011001110101111101100111100011111000001001000110011011100110000110001111011011110011001101000100110101001000011100101011110101
10010001111101001100001111100110111110000110010011010001110011110100100011100101101000010100001
100111000101000010110101101000110101010100110111000000010011110100001000100101011111101100100000011101101111000100100001000100010111001001110000101110010100001110110001
110101110101011001001011111101000000101001001111101111010011011100011011010111100110110101110001011101101101001100000101010001000011000000111111000111110011011100011011110101110010101100111100000101101000010001011110110000000101110101011111101101001010010100010001101011110111010110000111101000100110010000011110011000101010011100101001100101000010101010100111111011111100110110000011111111011000011110100111110001001101011
000000010101010011110011001010110100010000001011010100111010011100010011010011010011001100001011011111001010011010111001111001101110010000010011010000011000100001100010000010000000011010011000000101110110111100000001101110
1011110111101011100001010100100000010011101001110001000010100000001001101100101110111010101000100101010010001011010000001011111010100110111101011001101111010110000101010101000100111000001011101100010111011100001000110010001010011100011011110111011100111111100111000011100111100100110101000001011110100100000010110111010101110011011111011010
0101101000100000010110101110010100010000010110111101011111000100010001111111100111001110011110110111001010011001100000010100000101001010001000101011100101001110111100111110001101011010100001110100010010100000010001011110011110101111101011011011010100001011100111111110100110111110111001110000111010010000101001110101001010010111100000001110
0001000111100111101000001100111001100100000101001000010101110100010010100000110111101011110100000011111110001101101001001001010111011110110000110110011111010110000110110000000001111010111101101001000110010010000101011001100111010101000101100001000000100001011101001110110000010110010110000010100010011101001111001001000100010110001100010011100
101100100011100001111001000101010010001001011010001111010101001000100101001010111111110101101111011110001101001111100000100011101110010011101001111110101110001111100010110110100100100100000010011100010110011011001000101100001010101011000001001000001001000010001111001
10000110101111011101000010000000001001100111001001101000101010100110100000010011101010111100100110100011111010100111110110000000000100101001100111110100010010100001010101100001100101100110011110011101011111011010101110000000111101011010010010111001010100011101000100111010001101001101001111001010001011100
111100101100110111110011100100011111011100100011111111001000001010110110110010110111110011010100011000001111100000110011101100010000110011010101001001101001111100111001001000100100100011110111010000000111110001010001010101010111110111000000011011110011010111011100010010
000001000101101101101001101101100000110101010101000001001111101110111010011011101100011001000111001001100000000010000111001010000000111100101111010111
0110101111000001000011110010110010001110110101011011000010001000110011101110000100001001010011100100111110010100010101101101101111011111100000001010110001001011100000111001101101101010010101011011101100111000010001000111000011111100001110110000111011101000111010001101100011100001101001101110001111001
100110110101100001111111100010010010100110111111110100110010001100111101101000100011011111000101101010101100101000000111000100111110000010010000101000010001110001101010000110001000001110111001101110000010100101111101010100110111101110000101001111100010010001001110100011000001010101101110001100101011011111100011000110001001010110110001101001001000010000101001110100101100000110101111001110000011100010001100001000010010100101011011001100110111101001111011101000000101001100000100001010
011100110000100000110101000100001000010111010101010111001000100101110011100000010110111110001011010111001000000111111100010101010000001000011000000001111101101111010010111101000110101100110000110011001100011010000110011001011010100111001100010011111110100110110010101111110110111110011000011101011011010111111100111110010001001010000010101010
111000110000100100011100001011010010001010101011001011101111000111110001000000010111001011011100001101110100000111010000010010010000000010000100101000101101011000001110110010110001111000000001110001100011
1110100010110101001001001001011101000011100010101010101001000111001110110110110001011110001010110000000111100001101011010111110100101011011010100000101110100001010010010010010011100010001011011001010001100111001110110000110110101111101001001010111011001110010100110001111010011100100111100010010011110001010011100000010110111010110000011101110110000101110001100100111101101101101111111000110001101011100011000101010010110110001010101000100010110000100110111100110110111110100010111110001
10010100100000110011101010011000001101000100011011000010010000011000000101000101001111110011010101100110011001100100000001011101110110010001100100111100011011011100010110011011111101011001011101011110011111000011100001000111101111001001100100100001011001101100111010000101100100000110000001101001111010101001100101100010011011100110001001101011111101001010111001010000011011101101000100111010101101001001100100101000010011101111001010011111110000110010001000001101011101000011
111010000111011110101001100100101100101001000010111100100100111010100101101000101100011100110101100011010001001001100100100010111010111001110110001110101111011110110001001111001111100100111000110001100000111011010010110000011111100000011
1100110001101100000001001111000111010010100011111011010110110101111010110000000001010000000000010110100000000101110100011100011000110000110110010001101101000000101101110010011000
1111101
010111001000001101011000011000010100010101001001001100000000111011011000001100101111000001101011100001100110010111100010100001010101111100011100000110100010111010111011001010111011101111110100101001111111111111111000111111010000101010111110001111111111101111000111100001011111100110100010001011010011100100111010111110011100110010001111000001101110100101100100101110001110110010110011110100100001001001001011011101001100010111011010011000001000
1110001101011000010111001110101111001110101100111101110101
100011100001010011111011101001100010000011101101100110010101111111001011100000010011010111010001111010000000010010001101110001101110100100001101101101010111111001111110111101110011011101010111000011101001001101001111011100100101110010000001100100001110001111111110001100100000100101100111000101001010010100101000110010101100111001000111010000101001010010000101001111001100011111
111001100101010000110011110010110110011010100001001001111000100110111110100000100010100010100100010101011010000110110011010100100001100111110100001101111111010010010100100000100011111101010010011000101101110001111011111110100110100011001000101011
1011101010101011001011110010000010111000110111011010110001101000000100110101100000110101110111011001010101111101111000011010101001010101101010100011001
1100111001110110110010101100001010101111011111100101010111001101010011100011010011001101100100111111000101111111100001010110110111010111110011010100110010101101001001010101001010000100111111010111101000101011101011100000011101011011001110111000001001101111000101000111000
001100100101001011011011110010011101101010000001000010011011001010110001001010101110011100100100010001001100111110010000100010010010011110101001101110110001110111000111001111010101101011100101100111001101001101010000011010011001001110101111101001001111110101110100110010011101011001101101100001010011110100101011110001000101100100100010011000111
11001111101001001000010100110110100001110100101111001110010101110010001100000101010100111010011100110101000101100101111001010110011110010001110100101001010101010001000001110110000110110010100011100000111110111110010010100011101101001011110010001110000110111111000011100111000100001010100110001000100100001110111010011101111001110011110101100010000000111010110111110010110101110010000010101100110000011011011001101001100000110010100100110000101001100111
0011101001001101011010001111001011101011001111000000000000111110010010101000000110110111111110011111111100010101010111011111011101101011000111100101011001101010111000101100100011100011100101000000000010101001101000000001100100100101110011100100111111111100101100101110100110101110101111001001001010010110100011011100011100100010101101001110010000101010011110000111110100011110100011000000000111101010010101010111100010110010111001001100000011100111010011011101100
1001000010001010010110010111111110010001001100010101000101011101001101000100110110001011101110010000111010010111101100000000010111100101100110011011101111101111110001101001001001101100001011001110100000110101
001101111010010100001110010000101000101
0101100110101101100010111010011011001010010000001101011001100011100010001010001000111100111011100001100011010101100101000111110101000
1100101010111110011101110011100011111000010010000100110111011110110101101000010111101111010111111101111001111101110001010111101101100110000001100010100100001000110111011110000000100000100011100010010101101010001110001111110101010100010011011101100110010110110100100100011011101001101110110010111
1011010101100101110010111010110111010100100101110100100100001111010110000000111101000010001001111001010001111011010111100111101001000011111111110000100100010011100010011101000101001001011010100000001111000000001101100011110011100011011100010010001000011000101011111001111001111010011100001001110100000010111001110000001011111011011
111011000000110001011011100111000000101100001001110011001100110111011000000110101000101110011000101110001000001001110111111010010010111001001111101000111110101100010
00110101110001011000011111111100010000111111000111000000110100011010111001010100110011111100001110100001000001001001000100001010001000000100101011111100110000110010000011000010110101010110101001001000011100011011011001001000001010010010010001001111001001111100000001111001111110000000101110111101111101000110100110011000101011111000101110000000100001100110000000101101100111000111001011011100100010110001001
11110101101100011000000000011001010111101011100011000001100010011111000100100110001110100010011010001111110011000000110111101001001111011100010000100101010100100111110001100111000010101111111100100100001000000101001011101111001110
100101100001100001010101000010001011010010100101111110001000100110001011110111111011101110010101100
00011101011010000010010000111001010001011001000000110001111011101000000
1011001011
100010101000010010110011110101001000001101100011000001011010001010001111101001000110110000111100001010100011010010101010
1000001100110101001001011010011010111011111101011111110100011100110110111111101010000101000111100011110001100101001000111110110000100000010101111010001100001100101111111101100000000010100010111011101011110011010011111100110100100111100110100010111101110011000101100001110000010100111100001001010000000000011110011010011110101110000101011
0110010100010000010011001111001101110111001011110101010001011110101101110010100010101000111000101000001000111111001100100100110111010011101111010111110110101111111010101001111111100000000101001100010010000001001011110100010011010100001011011110000000010110000010100100100000000100110100001011001100000100111100101000111001011010110000001101001101101111000100110100010101101111011011010100010110010010
00
10000011010100111011011001011010100101101101000100011000111101110100010100010111010100100111000110000000010110011011110101001001010101111110000000011110111010110011000011100110100100111011
011100011
110101101011101101101010101111000110110011110110111000100010111010010110101101110010000100000011001001000101001110001111010101011101010000100101011000100010000100101000001101011110100110011110001111010000000011010110111011111010001111011100011011110111100110010001100111010100
1101100010010010110001010101101010001010001010
001110101001011011001001101101001100101110101011001100001010111011110001001010010001011010011100010010111
11100000011111111010100101000101001111010111001000001000110011000011111010101100101001001001100101010100100011000111
11000001001001000000101000000101010010011011011011001010010110100000111110000001001011100011110101011101000111010110101010110101010010010111101001101001101010011011100010001101000100110111000011110100000111111100110010101100000110010100100110011110110101000111001011101011110
1100000010010000011000011000101001010011100000010001111110001010100010010000011010001001101100111110001000000100100010110111010001010011001001101010010000111101100110110100100101001100010111111011111001011110110100101110100110111111011100100110001010110100010011100100001001111111001010000110000101110111100101011100011010001000101011100001100001001110000011011011110011110100111010110000110
10011101011010100100000100001011010110110000001100110110011001001011000111010100010100010111010110100110001101000101001010010101111101101101011111011101110110110010011110000110001110100110111011001010001011100010110000110001110101011010110110111011110111
01010101111000111001000011000110011101000110000000100100111100111111101011100001011111110001110100010000010011000000010111011110101000110000011101000111000111000111111101100111110111011111101001000001101001000010101110111011101010110110011010111111101111001000110100110100011
111111110101101101101000001100101011101110111011001100010001001101001010101000101011000001110001101100111100110010011010100000111111010001100111011100101101101010010100111111001111011111101111010001110010010000110111011111011111111001111100001000110010111010000101000111101101010100111001101110000111100001001100000111100011011101110010
11100101010111000101000001000110000111110000001001000100100001011110100011000011110010001010001011101000010111000001001110001101100000001100100101001011010100000110101100101001110010010001100010110011100101110000001111110001111011101111100111010100010101111100101010000111100000010101011011101100001110111101110111011101
0001011011000100101001101001110111101100111111111110000011110110111000010001101110011111001100100001000100111101111000000111011110110000000011111010111101101000011100111100011010010001101010010111010011110011010011100101011110110001111110001100111100011010000111111111000111111001100001110011111100101011001101001100110110010000010110111110111001010111101000110010000011010011100111100010000111000100000010111110111010000011011001000001101011000
000011111010001110010001101000101011011111101100101001111100100001101101000011010111101010100100001001110000001111001101010011101010100100011010111001011101111100111101010001111110101110010100111001011000011000001011000001011111000100000001110000110110001000100001100101000100010010001001101110101100110101000101101010011101101001011100100101000100111011000101101110110000011101001101111011101000111101111110010001110110010100000110000
000001100010000101001011001001111101010010101111111011101110000110100100010100111000101110011111001010001000000100100011111111000000110101110001110100101111101111001111001001100001101100100101001100000000111101011110101010111011010111111011100110110000010111101000011000110101010011101101111010000100101111111111010000110100000111
110110110110010000000100101100011110100010001001001000001101101001000101010100110100110101100111001110110110100010100010110110101010010011001000100010011001110100100000100100100110100111000001111010101001001110100000001111010010101001100001011001000011101
111010101011100100111110010001100111111110101000011101100000001011110111011101000101111011101011001100110100000010111101111011111000111100011010011111100011101101101001100000111011100110100110000110000001001101111010100010111110001111101001100011101010110001011000000001101011111101111010000111000101101000111100101010011101110001100110110111011101111010110011
000010111100110000111011111111010111010010111101100110010110101100101101001011000110010110010000100110100101000101101010101001000100101100001111110011100001101010110100010010110100001111001010011101001010010011001101011
10010111011010001110111110001000110001101011010110100000101111010010101001001100110000000101111010001001110101100011111110101010100110001101100010000000100000111111101011111011010100000100101000111100010101110001111110000000011100110100010011101111100010010101000101111011001011011111011001011010
111000110110011111111000000001101001100101110001011110110101000000101101111111101110010101011110001101010110100110100000001111000011001000110001110101011010000001110110011011010100000011001110001110111110111110001110011101010100101111111100000011010101110100110001001111
10111010010011000001010000111110000110101011110110010011100001100001000000001011000001011110100011100010111000111111111101101110110111000110100100101100010111011011011100110000100110001100010111100000010111010010001100111010111111110110001001110011111010110001111001100100101110110101001100101100001110111111000010101100011000101101001100111100000011010101100011110111111010000001
11111011110110011010111100101011010101111011110000010000100011011111110100010011000110101110110001001001111011011011100110001010000010101011101011110011111001110010110110100000000011101111011000001110000111111000100000110101100010001011010100000010000000100011001110011100001001101000000010100001101010110101000001110011100110001101110111000011110011111100010000100010010011111100000001111010100110111011101111111101000101010001111110111011010010100001111110001010011000101001010010100010010111
11110100110000000100000111000010111000010010011100000001111111010100100000010101101001010110000011111001100110001011101010110110001001001101010110000001110101100111100101110101010111010001001101101110110111100001111101110100111111
01001100000111100010000100001010011100110100000011010111001100101011111110100111101000001110100110010100111110000000110000001111011001100101110011110000110100101001011000011000011101110111110111011010110111010001010001010100010000011010001011100111010111001001111
10010010000000010100010111011000010100111001000100010011110010010110111110101100111111001011110001110100111101101010111110101111100000110010110000001001110111010010100111100111010010001010001001001111100000000
1000010001101100110000001111010001100000000101100010100000100010111001001111000001010101000111000100000110100100001100111000000100010110001010000111010111011011111011001001101110111110111000100101100100001111100110111101011011001011010000101101001011000110100011010100100001101101110101010101101110001010001010111100001110010101000010000001111110010011101001110000110001011110111010000101100011100010111001100010111100110110110011000101000110001011010111110011000011011101
001000001000011111001110011010000001000010111111101101110010010111111000111000111100011001110001000110111000001100101001100110110101101011111101100100101100101000000010010001011110000101000100000100101
1010100101011011010110000010100001101011011111111011111101001000011000101100001011100100000000101100101111100010010001101011010101111110011111101110110011111100000011111111111111000110100110111110000100010111110101011010100101
010000100010111101111
10011011111101101100011111111011011010000110010111011101000000010100100101111001010011110110111010100101110000001011101010000111010110110001101011000110111110111110101101111010010011001000001110101100011110111101
10100001110001101101110010101001001000111000010011100111001010010101101101000001011101110000100111101111011110100001001001100110111000101110111100110011111010111100100111110001100110111101000010111111101001000100001110011101001000110010101010011111110010101100001011110010100110001100
101011110011101100101100010001010100111111111000111011100111101011001100110100111011101001111111010101011011101000101001101110011101011101111011110111000101111110100001111100110111000101111110000101100101100000100000000100101111110100110001000111000110111000010101101011101101001111010001100010010100000000111110100110000011010111011101000010000101001011111001100101101111110001100100010011000010001000001101101
110011101010101101110101001000110101100100000000010100110100001101001110011000001010001100001011011111010000110111101000111101010110100000101110011001010101000001011101101110000101000100110100000
110110111100110011010100010101010110000011110001010000101001001110101110011110011001000000011010000111101100000000011001110101110101101001101011100000101101100111001110100101110001100100001100010001101110110100010111011001001101001010100000001110001000101001011010101101011
0101000010001110101111100011100100001000111011001101101111101001010000000100010110110101001011010000110001001101100010001001101001111010000110100000111111110111101100001011011010001101111101100101110111000001001101111001001110011010000001110101100
001110010011101001101011011011111000100010110001011001101010000000001001101000101000001001000110010111111001111110010000001010111111000110011101101110110100010001000001010001010111101001011000011000001100001100100000001010111001000101100100100011100010010000001010100101100000011010111111111010010111010100011000110111001010101111001111110111010010111010001001101101100000000000110010101100001111011000101011110111111010011110000100111011111001000000111000001110000
011101100100000010100110100001101000110000100100111101100010101011101101100000101000011010110101000010100100011100011011001101110011111011111010100111110000010010011011010011001010110100001001010001011101011001100110000100100100101010101010100110011010110010101010110011101101011101011100110110110111000011
0110100101110101000100110010010010100011000110111010110000101110111011001000011110111000011011011111110001110010110001110100000111011111100010101110110101010110
0101001011101111101010100110110100011000011110001010111100100101110010110000011000110011011101110110001000110010011001011000110101001100100001001000110010010110101100001101111100010000111011011000110101000011010000001010100011010000000111110110010011100000101111
1100101101111000000000110100101011111000110001110110100
00011010111010010001100110001101011100011011001101010111100010000100000101100010011111100000110101110010110010101111101011011001000000000100001000100110101010000100001000101011001101001100010010001011000100011001001111111111000100110010101011010101100010111010011011101011110110110111011010111100001101110101001110111000011011001111001011001010000110000100011111111001010000100101111101001110100011101110101010110100000101000100100101100100001100110010110010010100
01001100101011111111110100101111101110101111111100001000001110100001110101101110010101010010011110010000001000100111001111010001100000101110000110111000010001110101011000011000110101010101000111001100110010100011010001000000011101111111101110101000100001110111111011110100010100011010100011110001111101111011000110100000110111011000010001011011010110100000011101101000110000110011101011011101001101100001100110101100011001000110100100010001100100100010110001110011011010100111111
10011111011010111010001001100000000110
01001001100011100010110001000101111011101011110101001100000000010011110101001101001001110000001011001001010011010110010011110001011111100011011000110110011100000011010110000011111001011001011000111011101100111000111111011000110100110000110101100101110100011001001101
000110100100111110000011011110001011000111000011011101000000110101101001110101111111010000100011101010101000001000110000000111110001110000001100011101111100101010010010010011001110110101110001101110101101
1000110001010111010100001010101111100011100100
0000011110000100001110110110111000110111000011011110101101110101011010101110
110111001010010010111111010000011110100100011000000000100100001001110010000110110110010001110001001000100100010001111111000010111000011011011001000111010110100000111110110010010101100011010110000001111100010111101110001110
10101001101001110011001010010111100010011101011110001111011111101101111110010000101001101010000000010
00100111000000101101011010101101101001001010000100111100111001001111011101011010000101011111111000000010000001010010100110101011000100001101110001100011000010011111000111011000000101100010001000001011110010111001011000110100000000000011011
1100111111011110001011100100011111000000100001011111010100101111101010011010111101111000000001000111101100101000111110100001110110100001000011110000111101000100110001010101110000001101010000010000100100100100101110100111000111110010000110100011001001000110000110001001101000000111111110001100000100011100010010011100010100000110001111110111001101010001111010010111110001010110011110000111101101100011001001100111110101110011111100010101001001011101000
00010001101101111111000111010011000111001001000011011100110000101110110111100101111001100000111011011001010110011111011000011101011100100011101101111110010100000101011001001010011011111011011000010000010001100110
01101000111011011111000000010011000110011011000111101100110101110010100000
1100011101101010101101101111110000010100011000101111000101111000010001011011111101111110011010010010101001101011100101110001011011000100000010000011010101011010011110001001011100100101101111010101001010110000000110101111100001000010100110101110011010110001100000111101000101100110001001010000001001111100001011111101000011010110010100110111011110101000100110
1000011111100101100110001001001011011100111001100100010111100101110001000111111100001110010010101001100010000001101111000001110101100110000111000111111110001100011000000101110110011001010000010111010011100101010100011100011011011011111011010101101000100100
11000100100000001010111011100101100001100100110111100001100010011011010010010011011100010101011001100010111111100
11111111000011110001001001000111101100110111110000000101011000011010010101111010111110101000001110011011110110111111110011101110101001011010010111111010010101110111101001001010101101010110100110010000000100000111100100000010111100100000001100010000110001010001011000001100010010
