49
11011101110010101111011001000110110111110001101100110001110000001101010100111100101010110110100010111010111011111110000001000001011111001001011111100000111101000111000000001101010101101000001110001111111000110000100000000110011111011100111110001001101100101111101110111110110111101010110111100000100111001011011010000101011011000011101
1111011011001011011001011001100100011100110100111110001001101011111110011111000111000110000010001011111100110001
00001011110111001100010010000110001010101001100100100111111010101010000011001010001110001100111001100111100111111110101111111011111001110010111100101000011100110100000110011110001000010001101011111000001000100101010011111010011001000010011010000100011111100101101011010011111111011101000111101010111101010001110000101011000000110100000010110010000001110010000111111011001111000101001001100000011101001110111111110001000100110110000100100001011011001101010001
10111001000011100100111001000111011010101101110110111100110010001010101010100000010011101010100000010010100111000100000011001011100100110000011101111110000001010010000101101100000001101001001000111100001101110000001101111010001000101000
01001010010011101100010111101010111000000100101101
01011110010001101110110010011000011111010101100001100011110010010101100100100010011010111010110111101110100100000100011101101010001100010101001010000110111001111001010000001011101100011101101110100000110100001111110100011111100010001100110110011
100110000001111110011100011010101101011011010001111011111110101111010011011110100011101010011101100000101111101001110111011110100110101110110110101011111010001000100100011101100001000001010011001010100011111010011110000000001010100111100010101000111100
010000000101111110111111100100000011110011001110011111000011111110010001101010100101011111111000010000110001111100110000110010000011111111101001001100000101111101011100000001001011111010110011111011111000110100011011010101111100100110001000011110100010001000110011011110011001001011001101010100000010001000110001
000000000100111010100110110111011011110001100010111100011000011000001101100000110100111101100010000001001001010111101000111010000101001000110110101100001011101101001010011110011111100011101101111000110000001011011111011000010010010111110101000110110010110000110101000001100110001101100011010111001001101011010010101111001110010000010011111101011100111111111011001
111100110001011111011000011111100001100010001100011111010101111111010111000011101101
01100111101010101101110110011010001000000110100000000010000010000001100100110010011101001001110100
0100111011010101100011101110010010010011100110001101101101101100111100011101011000100110111001001110001011010011101100001111111100010011001110000110111110111100110001011010100110110010001110111001110000100111100011101
11010000101100100011001010010110100111000000001001110000100011101101011110110100100011110111010111011101011010111111001010101010111001110101001001100100111100010100100110010001010101001111101001100110110110011011010000000010011110111110100110001110100101011100101000010001000111110000001011000001011111011000100011111001101000000010110
01010100100100110110001000110011111101111011010011101111000110110011100110101001110110101101000101011001111101000110000111011111111100011001000010111000110111011100000010100011011100010010001111110001100001100100110000111110101000011000100101010110000110001111001101011001011101011111101011110111111011000101011010100001001010100100001011001111100001000011011011100001000010110111011111001000101010
1000110001100111000011100111010000010000100101111010000111001100010001110111111011000101010
11101011001011100000011111111000100001111
0110101010000001110010101
00100101101001100001011100001010100111011000110011011001000101001000000101010000100101011100011110011000110010010111110101011010011101111010111010011000000101101101000010110110010110000
10100100001111001010110110110000101101101011101100101101101101001110111100101111100011101010010011000110100011110
11010000101110000011101110001010011011000101000010111001000011110100110011110111011001101000001010011101001011100101100111101000101110101001011110010001000101
00111010000000000100010111001000001
0011011110000101100010010110101000000010100000010111001101011000000000011111110000011100111001010000100111001000111011001101100
1111100101111001111111001010000111110110001100010111000000011011001101101110001000000101011110111101011001101010100110000101110011100111110001100101111111110101110100111111011000001111110101101010000101101110011111100110011011101001001110011100111001110011111110001010111011000011111011010111010000100101011110100100001011011001101110001100011110010000011110110011010001011000010100111101100001110111011111101110111001101011111001001000000101111000101010011000100101011000
101011110110110010011000000110010111110101101011100011011110111010111000110001000001110110111111011100101011001101110111011000001001111101010111110010001001111001100011110100001100110001010010100000010100101101111111101101001110101101001010101100100
0110101100101101111001111010000011001011101000111101100001110011101011001101000110111000
001110011101111010001001110000011111101000100001110001111010101011001011001010000001000011110110001001000110100010011001011001110101110111001101100110101001111100001000100010111010100010110111111101101101011101111111000010010001100001001001001001100100111110000001011001000101111111101100010101100110001010011101101000010010000110100000001111110111110100100111000111101010111010000000010101011010001010111000101110010100000011100
110110010001000001010100001101000101011100001111001010110111011001001010110001011000110001010000001001101111000010111000001011011111100101010011001010100101111011100011010000000110000110011010101000111110110101100110011100001100101100001101111101100000000001001101011010010111011011111000000000000101010001001000000110010101000011110100010000101001000010011101110100010110010110001000011001011
100110010000101111010111001000000011111110011101101110110101010011110001011110111101100111001100111010010110010110100000111101010011111010011010110010001100111111010101100101110100101010000100000001110111100100011010100011001110011111100001111110011100100000100110010110101011100101111101101100110001000101000011
101000011001100000100110110
0010110101000000000101000010001000110
1101111101100101111101100110011111001010111000111010111011010010100110101111001100110110011001100111110111001001000000000000111111110001111000100111111101010110000001100110011111000001110001000111011110110011001100111001010100111111010101011010101110111110000010011000000011111110111011011100010001100010011110011110001110101101000011
1110110111000010110101110000100111101010011001011101011010101001001111100101010110111100010001100111001110101100010100111110110100011111100011000111111100001001110000010101110111010000101
10000000110111100110000010011100011111011110111010001001111100111111110101101001100110000001111111101011100110010100110000010011110110000100011111001100100110100101001100111010011100100110000000110110001110010010001001011111001111101000000011111111111000011101111100110110000000010000111101010001111100001010000100100011011101001101110110011011010011001110101010001000111011001000011000111001110100010
10010110101010011111010110011011001100101101011110001100011011001111100101010111001101001010001111110101110111010100001001101110000000101010110100011001111011101111000010001100010011011101100011110001000101111110001000101011000010010001000111000100000100000000110011000001101101111000101111111110000101100011101111101110100110101011011111111101001011000000011000000000000111111100001011001111101000001110110000001111111101110000000110111101100100111100111110101000111100011011
0111100111100100001111000011101000000100111111010011111011000001001011100100011001010111101000100000100001110100000111100010111011001111101110111010011001000011011000111100111100101110111100101100110011100111111011000
1110001110011001000011101111001100101111011010010100011101000101100111110111001000110011100100111000110010000000111001010000011011111110110000001
01010010000011110010001000111001111111010110111110110010100011010111001001000111011110100001000010010111111111011110110011110101010100001001111001101010011110010100111110110011111010010011101001011001010000100000000100110110111000110001001111110011100001111110100010111110010101101000101001010010101010111100001100111001000110100110000010101000111000010000110010000000000010000000001010101001110001011010010001011100001110001011110100101101100001
001100001000111101111111100100010100011010001110000001100101111100110100100101100000110111110111000100000111111110010010000010010001001000011100001100100011100010101000001110101100000100010000101001000110110101000010011111001000011111111100101111110010110011100011011101000101101101011010001111000000100111100010000001100010101010111110001001110110001010101101101111111110110110000001010111110
00111001101110000010000011001000101100011110111011100100100100111101110010101100011011001000100011001011111000010101111101111101100110001011010001100101011000011110001010100010011001101101100101000110100011111010010010100011001001000010101010101001000001011010111110111010100100100110000000011011101111110100
100000111111110010110010111110101011001011001101000010010101001000101111111101011111101101101100110000010100001001111110000010101100001011000110011101100110110100010100101100110101101010101011000100001111001011100011010111000001110010010000000100110100100101101111101001111010010110100111000100111010110000110001010000101001110100111000100000111100111101010001100111111100010110010000110011010011001001
0101101001110000110100101100000110110000101011001010000101110000011110010000110011111001111001111100001011010100001111110001101010011001100100100110001011010100101011101000011000011111011110000001010101001011100111111100101111111000011100110100011011111010010011001100101010001001011111101000110101000001111000111011100011110101001010110110110100111001010000110010100011011010001110101111011000000101011011010110001011110110101010101110011
010010101010011100101100111001101101110111001100101011001110001011001011100001000110110110010101101111101111101011011101000011101001001010101010011010100101100000011100010100110100100100010000000111110011110100101110001000110110001111000011101111100110100110011110001111
0001011100101110010010110001101101110011001100000110101010
00000010110000110101111101010111111101011100110110110101100000100100101111110100001101010000011001001011100100100110011010101101011001000010111010010110100111011101001011011010001001001001111101110100101010101011101110100001001111010100101101101001001110001000100001100101000000101000101100110101110111100011110
01101010110001111010001111000011010010111101100011000000011110011101000001001111010100101011001011001111111111111011100011000100111100111100111001100011001001101110110000100111100100110100100110001010111101000101001010001110001000111111110100110000110100100100011100111110001110100001100101100000111101100110101110110001001100010010011010101000001110000010000100110001101111010001111010010111111111011010110111100111101111101111010110110010000011111000000100110011011110
0011100001010001010001011011101000011111100010001001101111011110100011110111110001010000110100101000000101100000010001111101010110011110110010010001111101101000011100010010101
00111111001010100111110011111111100110111101101100001110011011101101100001011000111010101101010001000111110111000100011000011101101010110010001001001
00001110010011110100100011000111011101001111010110100110100001011001001111100100010111000001111110010101011001011011010001101001101111111110101101010100100100010101001100001000001111111101010101011000010110011110011111011110111100001100000000010100011101010001010000001101011111010010000010001110111011010000010101101010111110001100001100000110110000010001101101111011010011001111001010011101111110110010101101001100110111011000001100010110110101100111111
0000011111111011000001110001110101110011001010010000010001100011111010010111011111100101011010001000010110110110101111111000101110001011110111001100001100010101000000110101100010110111110000100101111010010010101100111000001011111001110100000111110111100010010010011011110111011001100101000010111100001100010000000000011110010100000100100001
