81
100100001111001110010100011111101001010010101000010000110011100011011010110001010001000010100110101110110010001100011110010010100101110010001100111100
11001111011110100001100000110110000011001011111010001101100110010001111011000
0000011000000011110111110000100101001100100000000101110011011111100010000010011111010010110011101011100110101001100011001011101000100010111111111001010001100001001010000100101010110001011010001010110011101111011010010000100100100001100110011011001001000100010111110000110101110110110011110011010101011000110111001101100010100000101000000001011001000001100111111000110100011010010000100111010001000011001100011010011100011101010111110001011001101101001110011000101001011010011000011011000011011101
1100111100001100100000100011011011100100110001001101111010101110000111001000100110000110001110110111110100011111110110110100100010001100110110101011101010011101001110000101110110011010111000110000110111101110000011000101110010110100000101000010110110001001110111111000011110110011111010011100011111111001100001001011000111010110100100000100010001011010011110011000110110010010110111011010111010101010001111000100100100111110101101110101111011010100000000001001001000001000011
10010011010000001111001100001110101111110011101111101000011111011110101011010000010100111000011101011001001100000010111000111100110011010110010000100011101111000111000101101101000001110010101010010000001010010110000011
0010100111001011101010011110110100101111101000111011000001101111100111100001011001011011000111010111110100110100011101110101011000101110000000011011001110101111111000100000100010101110101110000001101111010
000010000101101101001100010010000011001011110000110000000111011001000101111000111000110110011011101010111110101101001000111100100011110111010010010110101101110111011111100110001011100011111101101000110101111110110010010010010010100101010000110000100110100011011100110010100000101010001111101010011100010011111
011110011010110010100001110010001011000000011011001110100011110101011010011011101001100001100100001100111101010100110111010111110111000001010100111011100011010000101100000100000001100011011101110101110110010010010110011111100111100101000011000111010000000010110011001001110010111101100011000000001001111010010000110101000111101001011010111001100101011011100010010011111001100100111100110100101010110011100111010111111001001010000
00111111110100110110111111110010010110111001101000110110101001100111001000001111011000001010100000100100010110101100111101111000111000000110010000001101010110011011101100101000110110101101001101000001010111010101011101001000011100010100100101001000010100001110000011011000101111111001100010011011110100001010011000011111101100000010101000110111101111111000011111000011101110000101101011100010110000010100011011
101010101011010101010010010100000001100001101110100101110110000000110101001000111011111011001110101100010110101110100000100010111100000101000000100000100101000011100111111000010011000000111110011001111100001011000111011011101101001110000010101011010100110101100100111011111101001001011100000111001110001110001010000011101101101011110001001100100110000001100100101110001111100101010001110011110010100111100011111111110000101110
11001110000110101011011000000001111101010011010010001100010000100101100001001100001110100001110101000011111001010110010100010010100001010000000101110111100100011110011000001101010001010001100010011111101110110000011110111010101001100111010101000111010011000010010100100000011000110110000001001010111111100010011001101000110111011000101001101010100110101110110111001101101111010100100100100011101111011011101001001010101
11101110001001001110101000001101110000110110101011100101111100010111000111101100111001100011100
000001100111011101100000001111011100010110001101110100101001111110110010001001101010100110000101101011110010010110101111010010110111111111010110000111111101111010000010110100101001001001100001010001110000111111001010011111110101111100001110100110111011110000011100000001110010001111110010111010110010011
1000000110110001001000100010001101101011000001100100100111000001101101100000111001010011110010111000101100110011100100001000100101010000101100010100010101011011110100001111010001100111110010011100010111110100001000101010111000111101011101100100001100010001000100100010000001011010110010110011111100100011001110010110001011000001110011000001111111011001100010010100000111000000011001011100000
100101001010101101100000110100100011001111101010100010001110000011101000011110111001001111100001110110011001011011111111010101111010010101111011011011110101011000110000001001110101001101101111110111111001101100101001010010001101101010011100110010100010111100000011111110110010100101000110011100010011000011011000111010011101111010110101001000111011010110010111111001010110001001010001000101010011011
111011011000111101010100011001110101010101101010001100111111000011101010110111110011000001000101010011101011100100110000111
100101111110000100000111100011010101110001111110110111100111011000001101010011101100100011000011011010101111011101111000110100111111101010110011001011100001000010100010011011100101010001010110010010011110010111101011001000011110010010011101100000100001011101000101011011000010100001110000011010000101000010011110010100000101101101001010110100011010
0110001111111100011011111010111001001100111111110110101101111010010100111100101100010111010111010110011000101111110010011110010000001011101101110010001011100001111111011000000101001000100111111001000111010011001000111110111011101111101100001110010011010011111010001100101111111111
10101010111010000000011111001110011010111011001011110011101100011110111100100100110110111101111011011111111000100100110110110000000001111111011101101101100011100000000101110100101111110001000111001000100010101111110101001011101000010111111010001000000010001000000000001100100001100001010111111110111000101000000000
0111110011100010001000101111010101000110111111111000001111101010111010110111111011111001111111111100111111011100001010011111001110
1010110110111100011111110111000001101101100111111101001010001001100010101010011100100100110001010101001110001001001011101110110001001011001110001010010101100110001010010111001010001000110000001000000001101011101001110111011000011110111011000100010100001010100110111000110011111111011100101100000011011101001010011110010101110011111000101
00000010011110000011111110101101000011010011001101000111001001010001011010100010100000000111101000001011011001100111110110111011000110001100101110011101101010100110101111111010111000101011001000000110011000100110001010011001101010100010101100011011101010001010100001100100010010010011011010111000001101000001011011010011011101011001001000010001110011001100011100011111110
111101010010010100000110010110110010000000001001100101101001011000100111111011101101011001111011010001010101111001001001010100011110010000011100001101101010100101011001000011001000110011000101100010010011001001011110001110010000001000111110011010111000100111000011000100110101100100010000001100100110011011110001010011111001010110110000000000100
0111100111011010011000101000110010101110010010011111011100100111010010011100101011111011010100111110100101110001000110110111011111011100001100110100100001100001110110010100001000111010001001010000101001111001101110011100111000100001111100100100010001110001111100001000010000110000110011001110100010010001100100010011111011001100101010011100111110010100100011010001011000101100111010101011010010100011111010011001100001001111010111111011010101111011011001110000110100000110011
0000001011011101011000000000010011111001111100110001110100101000000111011101110100100110100011100111110010111100010001001001101111110010111010000010100011000100110011001001001111110011101000101000001111000110111101110100011001111111111111010101011011011110111111000011101010011101111001110111000111010101011111111010110000010010000110110100010000001001100000001000001111000110100011001101001110101
10111011000100011110011100001010100110101000100111010000111101001010
100010010101000011111100100101011111010101100111010111010100111101100100111111111000101000100101110001101001000001000111100110000011111000010011010010010111000011101111
000101001110000001011101110101110011110011001101110101001100001010000000001000001010001000100001101001111111101000111000110101111110
11011000010000100100001010101101001100100010110010000100101001100111000011011101000010011010001011100110110011011110101011101111100010100110110011001010100101000011101001101011000101101111000011110111111000110001001101110001101000111010101011101110100
001101001100111101010001111110110000011001111001101001101011101010001111011100110011100110100110110100001000011100101110001101010110011000100101111001011111010100010100101000000101001000001011111111010010110111011010100101100011000001011000010000011000010010011011
1000111100001001010110010100011110100100011010010101000001001100111000111001000111011111011111000011010111010001101011000100001001011001110100000111111001000010001110111001000111010000011000011111100101100011111110000110101101110001110000100111100111010010000100101011000001001111100110010000110011010001110101101011110011101
1101110010011110001110100111100010101100100011000011111110001110011100010000001010111001010100010010100110001010100111000100000111100000011110100111010010010100110101100101010011110110001010101101110011011
01011100010111110000100100001100101011100
01011110000011010100100100111101011101100011100100010010011000100000011110001011111000101011100111100101001110000111100011010010100000010010101011011100011101100111000000011110111010011000111011100010101001100101110100101101
0011001110010111001101111110010111111011001011000100110
1000101011010001111010100101111111110111101111111010110111011100000010100000000000001110110101111010100110010000011111001110110010110011101010111000011111111000110110011100001100010001000000100101111001001000111001100000100101000110111000100111110100011111001110111100110101001111001010110111011010101010011100110001001001100010101011001010111010001001101010000111111011000110001110010101011100110100100001111010010111010001111001011100110100011100011000101101001110000101100110
011110110110110110111110001111000010100001111001110001110010001101111
1100000000111100010101101110011010100110001100111111101011101000000111001011101110100111011010100010001100110110100010111010110001100001010010110001111001100111111101000110010001110100010100100010110100011110001000011111000000000110100000001000101001110110010101100110110100101010100001111001110001111011100010111110100111011000001111110111000000001011101111010100111011100101000001001011010001001101010111000000000000110010101100010100
0111111000101111000100110110011000101101011100101010111110110111100010101101001010101100000001111000100010011010000111011010101010000000111011100000011111111011100111011010000001010110101101101011000101000110110011111111100001000011111000110101101000101001001101000111000011111111101100110001001010
001000110111100110001101001010110001100011011000010001101001110111110010011100010101010100010110001011001011101110000010110011010000010011010000000100101111001001101010001010101001000110111000011010101100010001100101011010011001001110000010100100011010101110010000110001010111101010101111001011001110001100110011111101100000000000010010101010100001001010010100001001011001000000010000110110010
1101110000110001110011001011100000001001011100011011011011000111101000010010110110010001111011100011111011000110101111110010100110101010110101110111011111001111100000000010100000100101110110101010001001010110001010100010101010100000111110100101111110101000100000011011101110001100100110110001010000110010100010100
00111011100000101110001111100000010010110111110100001101111110011111011100111010111110000111001100101001010111000000100000100010011111101010010110110001111100100001110101110100011010010010110110000110111001101110010001011001111101101001111001011010010010010001010101110111111010101011101110001110111110011101011100001000010101111110010000100100111110011100000010011001011001001010001001011100011100000011101000010000011001000011000111011000010100110000101011000
10101101100011010000001011010011110111001111101110110011101000100011111111011010111101111110101110100011101111101110101000001011000001100001100010101000010001110101010101011010000011010011010101010011111000010000000010001101011011
011010111111011101001100111001001110100001100011000110010101010011101110111111111000001100110000101111110000101100011000010100010011011101111000
101010011110110010101100010011001100000001010001110011100011010001111011111001110011101001011101100101100010000000000111000010101010111111001100000101110000100111000111111011111101110010110100100000000110000101001010011111101111000000010011011000100011101001011111010000010110000000111111011110111111100100001010101111
11111111111101110110000011110101010101010101001110011110011001000110001010100101101000010001011101011010101101000100011010001110100100101101110011111000101000000110001100110100000010101110000010110011110010001001000010001010001101011100011100100001111010111011100101100100101010101010000101110001110001100011010011000001100111100010110110001110010110011000010111011010101010000110101100110100011100000110010100110010100011000101001001000111100111100101011000100
0011000000110011111101011111010100011001000001101001111011100010000001011010100111001001011110011000110001111011011001001000101110010101010110111001100001100011110000001100101110011011110010111010111011101110101011101110000010011110000100110011111111010011110100000010001110101010100110101110000100001011110101001100111111111100000111001111011101110
110011000010001101110110001011001010011011101010011010111010100000000110001101000001011001101010110110100111111111110010111110110011110101001010011110010000110000011100110001011100001110101100111001110000001111101000010011001100100100001100011111110001001
10011111111000101001101001000110011010010111010100000010110000011011101111001010110010111100111111001001000000001111011010001010010011101001011101001101000010110100110011110010110100111000011001000100010110011111010110101111010000111111010101100011001100001111100011010010011010111000010110011100
001101
1100011001010011010111001001111111001011101010110100010001110110001010001000000110001001110110100110010110000010111110001111011111100110111000100101001010101011010110000010100001000011011011100111011010000001000110101000011111111000100011101000000010011010000100110
101011101001001111110100000111001111001010011111110100100010010110001010100101010000011010010111010111011110110001100001011111101011100111011010101111010100000011000100011101100010100000111011111100011101111110100001000110111001101111111010001111000000001111101100101101001011010001011111101101000011110001100000100111110110010001101
110101101101111
10011000111111101001100001111000011011101110
01000010001111000101001001100100110011101011111110111001100101000110001000101001101010011110001111010101100000111010111111011101001101011101111011101111111011000011101101110100101110111111101010100111010010100110001101111011010010100001101101010111111101001011101000
0010111100101110110100001100101000111101100100000101010010111001000000101110111110000011000110101100010110100001010101010110011110000101011110110100111110101011101111001111011001110101110000010111011000111111111101111010010001101110000100110010111000111100010011100110011111100110001001100111100000101000100111000110101101001111110101110111010101011010100000100000011010000101100001110010000010011111010000111111100000000010
100110
101111111100110010000110001100001011101011010110011001111111111110111111100100000111101011111000011110010000100111100011100110110010100000011000001100001110010001111110100001111110010010101011010011110010100111110111111100100111110101011001100
0010101110010110100101000000110101001110000000011100110010101001100010101010000010010101010101111000001110100101000111010011010101100111111111011110101010001011110100110100010111001101001000001000010101101111101101010100010101001111011110100000001111001000111001001010100000100010000111001100010100000101001110011101001100011001110100
000000
011001100000110111101100111010100
001111101010001000111001001111010111001101101010100011000010111001111011110001011110000100110100010100001000111001110000110110011101010101110011111110011111010001000101101011001011111011101100000111110100101000001001000101111111101000001101101010010010110101000100100001000010110001101011010011011101010000110011011101111110101111
11100000111110001001101101011110010100010110111110010011111010011101001001000101110011001101011010001111001100000111101010001110110111001011111100011100110110011110101011000101100001110100101011110000111101001100111001101010011000000101010111100011111111111110111001011100111111010110001011110000010110111110000111011111001001110010101000011111000111011000101000101101100001101111100001010110110100011101110010110110101100111000000101011001110110010000000000111110111111100000010010011
10110111010001110010100111001110110000101010001100101100000001000010100111000010011110010001001111110101111011100010100111001111110010111101100101000010101110100100101001011101100110100111101110011110000010100101110100110001011101101100111100001001001011010010101101111101010010000010010001010110100110000
0101101001000100001111001000011010010110100110000001100000001110010010111110101011
1111100011101011100000110101101101001011110010001010101110001010001111001001101101000111101010001010111111001101011101111000100101110010001100100000110100000101011000101011000110011011101100000100111001110111000000110000000011000010010110001111000110111100001011101001000001010100100111110011110110000001101010100111011010010000010001101011000110000110001100100001001110001001100001100100010111001110010000010000011111110001101010001001011100101000000100001110
11011110001011111010101000111110011000100011011011100110100000000111100110101111100001000001000110101101111001101110010110111011101101110000101101000010011111101010111101110010000111101100001010
01010000100111100101000110101011010010001010100100001010100101100110010001111011010101010101010001000100010000011110001011011111010010000010000001110101001010101011010001000010000110111011111000001001011000001110111100001001111001010110100001100101100001000101100011101011001100110111100001001100011010111110011001110010110110001111100111000
10111010000010101000111
101010100011011111110100000011010110000011010111000011100011001110101110001010101000100000010101100000001000000100000101101101101000010000010111111110011010001110100111110100011010001010100010111111010110000010110100100001110100100011001101111111011001010011001100100010100000000101100010011101000101001001111001110111001011100110111001110101000001001011010100000101011001010010001001110001010000111011000011111000110100100111011110011110010100000100001010110110101100001000111110000111
111111001100010101001111100110011011110001010100000001010101101011110000101101011100011111110001010011010110111110011000001101000110110000110111110001111101010000011011101100010011100110001000100101111001001011110001010000101110100100111010110101111001010100011111111101010101011010000101011110101100100111001001
1011101011010000010010100011100011101010001111111010100011010000010011111111000011001000101111100101100000000100100011011111100010111110
0111100110011010001000100111111111011011110001011111111010111111000010110011010010011011000111101001110101000101111001010101110000110110011101011110010100101110110001011010001111101111010110
1111000110000
0111011000100110101010000101010101100011011011001010001100111101111011011001100001111101011010111010000100011111101001110110010000000110001000100110101110001101110110101110001101111100101101010100010110111110101110001101001111111010111011001111011011010011001100110000110011110100000110000001011000011100100100011000001101001000100110101000100011000011001010110101100001000001101111011010110101111010
101111100110110110111100101000100110101010011000110010110010010001010011000000010110011011111001100101111000000110101001000011010010110010100101000100011100101111
0011011110110011011110010011011100001010111100110011010011011100010001100100101101000001111000100101110111011011000100011111011100001000101001101110101110010011111011100111111111101101100110110000010001110110001011111010110110011111010110000001101100100000111100101010111000001001110101001011111001110000010110101110101001111001111011101001110110000100100110100111110010011001001111110100001000100011010010101000011011100101010011100100000000110001001010101100111101111101101110001
10101111001001000001100111011110110001110101000100000101110101010010101111111011110011111010111101010111
010000100000101000000010001110110101010101001011111011100111001111001000011111101101110100111011101010010010010010
1111101010010101101100011100101001001000110101000010000011100111111001110011100000101100011010010011001100001011101010101000100000111101001111001000111000110111000000111010100111001110010100111100
1111000000110100001010100101010010100110001010000001110000100100100001100010010101010010010110100101111010000000010010100111000110101011010000000011010010001100101000100010000110110010111010011101011101001110001001000
