171
101
135
56
82
206
203
68
247
177
159
66
91
208
15
117
7
215
266
92
272
120
125
136
69
222
97
151
134
17
252
38
254
51
212
120
247
17
161
103
149
74
92
246
137
58
201
226
253
203
238
4
141
53
203
37
260
38
90
248
133
211
260
159
258
215
223
122
63
162
206
201
78
29
62
215
236
250
62
175
74
175
14
72
254
5
7
199
229
28
232
232
101
193
158
96
88
243
166
229
103
226
38
121
189
9
234
23
242
259
232
243
52
86
85
16
114
9
133
67
229
43
79
178
227
43
245
125
89
53
207
245
92
111
245
133
124
206
217
152
148
25
89
195
4
240
217
232
129
1
105
187
133
87
261
39
55
111
71
111
158
173
184
1
206
68
165
203
57
265
105
122
184
254
170
199
127
261
14
25
10
226
32
196
121
156
85
156
194
86
216
256
255
128
22
107
135
37
58
218
